dp 	 flow1587524179.561184 	 0.022157 	 0.980092
1587524179.789498 	 0.078421 	 0.984780
1587524179.897826 	 0.085641 	 0.989280
1587524179.999988 	 0.011452 	 0.983468
1587524180.089139 	 0.010456 	 0.981967
1587524180.178746 	 0.062488 	 0.985343
1587524180.245996 	 0.062737 	 0.984218
1587524180.313303 	 0.046804 	 0.980467
1587524180.381193 	 0.014688 	 0.983468
1587524180.450512 	 0.067716 	 0.981592
1587524180.520073 	 -0.003734 	 0.983280
1587524180.614273 	 0.049791 	 0.983280
1587524180.682535 	 0.056762 	 0.981030
1587524180.749747 	 0.008216 	 0.984405
1587524180.817475 	 0.033111 	 0.982342
1587524180.886476 	 0.039584 	 0.983468
1587524180.955793 	 0.010954 	 0.982155
1587524181.026299 	 0.013195 	 0.983280
1587524181.096787 	 0.004232 	 0.983468
1587524181.168066 	 0.062488 	 0.982717
1587524181.239339 	 0.027385 	 0.982905
1587524181.310404 	 0.062488 	 0.984405
1587524181.381870 	 0.023153 	 0.981967
1587524181.454654 	 -0.025642 	 0.983468
1587524181.551822 	 0.031368 	 0.982530
1587524181.630220 	 -0.041824 	 0.983843
1587524181.732612 	 0.007967 	 0.983468
1587524181.814701 	 -0.004979 	 0.981967
1587524181.962664 	 0.003236 	 0.983280
1587524182.045718 	 -0.009709 	 0.983843
1587524182.127381 	 0.041078 	 0.983280
1587524182.211003 	 0.025891 	 0.983093
1587524182.294154 	 -0.022406 	 0.984030
1587524182.383913 	 0.072197 	 0.983468
1587524182.461940 	 -0.004232 	 0.984218
1587524182.539734 	 -0.003983 	 0.984218
1587524182.617770 	 0.054521 	 0.982717
1587524182.696030 	 0.022904 	 0.982530
1587524182.774200 	 -0.001992 	 0.982717
1587524182.852988 	 -0.013444 	 0.982905
1587524182.935031 	 -0.001743 	 0.982342
1587524183.015158 	 0.000747 	 0.983655
1587524183.099223 	 -0.019667 	 0.983843
1587524183.184503 	 -0.001992 	 0.983655
1587524183.270404 	 -0.002987 	 0.982905
1587524183.355852 	 0.063732 	 0.983655
1587524183.442661 	 -0.006971 	 0.982717
1587524183.529479 	 -0.006224 	 0.982342
1587524183.618124 	 0.028132 	 0.982155
1587524183.706341 	 0.029377 	 0.982717
1587524183.794577 	 0.028132 	 0.981967
1587524183.883113 	 0.064728 	 0.982155
1587524183.958354 	 0.009460 	 0.982342
1587524184.033531 	 0.025144 	 0.984593
1587524184.107224 	 -0.016182 	 0.982717
1587524184.178884 	 0.036347 	 0.985155
1587524184.250446 	 0.074438 	 0.983655
1587524184.322804 	 -0.001743 	 0.983843
1587524184.395163 	 0.003485 	 0.984593
1587524184.467661 	 -0.020912 	 0.984968
1587524184.581310 	 -0.005228 	 0.982155
1587524184.653945 	 0.064977 	 0.983093
1587524184.727282 	 0.001992 	 0.979905
1587524184.826393 	 -0.003236 	 0.992468
1587524184.920386 	 0.039833 	 1.010093
1587524185.018391 	 0.039335 	 1.039344
1587524185.115544 	 0.033360 	 1.065970
1587524185.213481 	 0.002739 	 1.091846
1587524185.309857 	 0.025144 	 1.112846
1587524185.407877 	 0.014190 	 1.126909
1587524185.505214 	 0.009211 	 1.135722
1587524185.602068 	 -0.009709 	 1.131597
1587524185.676676 	 0.007469 	 1.105346
1587524185.751458 	 -0.087134 	 1.102721
1587524185.853920 	 -0.019170 	 1.080970
1587524185.929352 	 0.014439 	 1.099346
1587524186.004891 	 -0.036098 	 1.095783
1587524186.080573 	 -0.015933 	 1.100846
1587524186.157328 	 -0.033858 	 1.118284
1587524186.233047 	 -0.053027 	 1.119972
1587524186.309681 	 0.057509 	 1.119222
1587524186.386692 	 -0.050040 	 1.121847
1587524186.463705 	 0.003983 	 1.127659
1587524186.540744 	 -0.079666 	 1.136285
1587524186.641490 	 -0.004232 	 1.143035
1587524186.743418 	 -0.058504 	 1.147535
1587524186.844723 	 -0.004481 	 1.209974
1587524186.946380 	 -0.018423 	 1.237538
1587524187.048696 	 0.030373 	 1.221225
1587524187.127211 	 0.018921 	 1.207537
1587524187.206271 	 0.018174 	 1.214100
1587524187.286062 	 0.001494 	 1.207912
1587524187.366510 	 -0.019667 	 1.202662
1587524187.446540 	 0.011452 	 1.199474
1587524187.526428 	 -0.049791 	 1.218787
1587524187.606353 	 -0.006473 	 1.186536
1587524187.686456 	 -0.041078 	 1.183349
1587524187.766407 	 0.035850 	 1.201162
1587524187.846487 	 -0.042322 	 1.192349
1587524187.927409 	 -0.066969 	 1.193849
1587524188.007667 	 -0.070703 	 1.180349
1587524188.087854 	 -0.015186 	 1.205287
1587524188.169011 	 -0.007967 	 1.195349
1587524188.250587 	 -0.050289 	 1.201349
1587524188.332237 	 -0.159331 	 1.187849
1587524188.445700 	 0.005477 	 1.179786
1587524188.529136 	 -0.053774 	 1.204162
1587524188.611232 	 -0.121241 	 1.236600
1587524188.693237 	 -0.084147 	 1.309915
1587524188.797240 	 0.006971 	 1.356604
1587524188.902158 	 -0.042820 	 1.825556
1587524189.004504 	 0.018423 	 1.917434
1587524189.108186 	 -0.061990 	 1.929996
1587524189.214050 	 -0.048048 	 2.028812
1587524189.318401 	 -0.004232 	 2.061625
1587524189.422355 	 0.001494 	 2.046625
1587524189.503968 	 0.033360 	 2.019437
1587524189.586035 	 -0.017178 	 1.878620
1587524189.667935 	 -0.000498 	 1.752428
1587524189.750001 	 -0.023153 	 1.785242
1587524189.838183 	 0.000747 	 1.695989
1587524189.925342 	 0.009958 	 1.707240
1587524190.012295 	 -0.030621 	 1.646675
1587524190.096581 	 -0.070703 	 1.593611
1587524190.179992 	 -0.030373 	 1.597361
1587524190.289998 	 0.016680 	 1.531547
1587524190.387193 	 0.032613 	 1.472670
1587524190.471831 	 0.006971 	 1.479420
1587524190.556004 	 0.078670 	 1.464420
1587524190.639714 	 -0.124975 	 1.511671
1587524190.723478 	 -0.095350 	 1.511296
1587524190.807156 	 -0.012946 	 1.474357
1587524190.890866 	 -0.032862 	 1.516921
1587524190.974802 	 -0.056015 	 1.555922
1587524191.060228 	 -0.062488 	 1.461420
1587524191.144504 	 -0.047301 	 1.343666
1587524191.228179 	 -0.054272 	 1.332603
1587524191.311992 	 -0.031866 	 1.341791
1587524191.396155 	 0.000000 	 1.334103
1587524191.479791 	 0.056762 	 1.336166
1587524191.563455 	 -0.000747 	 1.303727
1587524191.647239 	 -0.155348 	 1.311415
1587524191.725407 	 -0.020912 	 1.265101
1587524191.804997 	 -0.170783 	 1.276539
1587524191.913330 	 -0.091615 	 1.275226
1587524191.991599 	 -0.051534 	 1.271664
1587524192.069856 	 0.127465 	 1.264164
1587524192.178690 	 -0.090620 	 1.209599
1587524192.257477 	 -0.094105 	 1.219162
1587524192.336440 	 0.039833 	 1.213912
1587524192.416364 	 -0.074189 	 1.211099
1587524192.495941 	 -0.035850 	 1.208099
1587524192.575320 	 -0.162319 	 1.213725
1587524192.656222 	 -0.009958 	 1.241288
1587524192.738006 	 -0.058504 	 1.382667
1587524192.819727 	 -0.102569 	 1.525359
1587524192.901635 	 -0.017676 	 1.421668
1587524192.984934 	 -0.047301 	 1.340291
1587524193.068350 	 0.018174 	 1.315915
1587524193.151486 	 -0.012697 	 1.407230
1587524193.234842 	 -0.042571 	 1.455607
1587524193.318237 	 -0.087383 	 1.565860
1587524193.401776 	 -0.056762 	 1.616112
1587524193.485499 	 -0.044314 	 1.600549
1587524193.570387 	 -0.020414 	 1.659988
1587524193.654589 	 -0.133938 	 1.770054
1587524193.738538 	 -0.073193 	 1.791617
1587524193.822369 	 -0.015933 	 1.862119
1587524193.906276 	 0.018921 	 1.943684
1587524193.990338 	 0.129706 	 1.975935
1587524194.107105 	 0.001992 	 2.035562
1587524194.191699 	 -0.000747 	 2.015124
1587524194.276336 	 -0.018672 	 2.034812
1587524194.359974 	 -0.021659 	 2.022249
1587524194.441652 	 -0.045559 	 2.013624
1587524194.523135 	 -0.059002 	 2.025062
1587524194.605002 	 -0.019667 	 2.055625
1587524194.686902 	 0.012946 	 2.026749
1587524194.769528 	 0.015186 	 2.035000
1587524194.851644 	 0.015435 	 2.042875
1587524194.934766 	 0.002987 	 2.041750
1587524195.017942 	 0.048048 	 2.030124
1587524195.100889 	 -0.048048 	 2.026562
1587524195.184503 	 0.017925 	 2.033687
1587524195.267976 	 0.080910 	 2.058625
1587524195.352153 	 0.053525 	 2.099127
1587524195.459138 	 -0.066969 	 2.082626
1587524195.542539 	 0.030373 	 2.119565
1587524195.650611 	 0.035352 	 2.146190
1587524195.758349 	 -0.023153 	 2.116752
1587524195.841950 	 0.066720 	 2.091626
1587524195.925764 	 0.039833 	 2.122940
1587524196.010391 	 0.037094 	 2.121252
1587524196.094636 	 0.053276 	 2.130065
1587524196.178550 	 -0.029626 	 2.126127
1587524196.262556 	 0.055019 	 2.122940
1587524196.346914 	 -0.033609 	 2.146003
1587524196.431116 	 0.033111 	 2.132315
1587524196.515580 	 0.051534 	 2.137190
1587524196.600694 	 -0.042820 	 2.165316
1587524196.709526 	 0.018423 	 2.182567
1587524196.818369 	 -0.023153 	 2.326946
1587524196.929406 	 0.044812 	 2.344947
1587524197.040867 	 0.048048 	 2.397823
1587524197.152207 	 0.096844 	 2.441887
1587524197.264165 	 -0.003236 	 2.488388
1587524197.376634 	 -0.024149 	 2.462888
1587524197.463209 	 0.099831 	 2.538452
1587524197.576947 	 0.078172 	 2.517264
1587524197.663812 	 0.054521 	 2.543703
1587524197.776161 	 0.064977 	 2.568453
1587524197.892728 	 0.094354 	 2.564516
1587524197.980675 	 -0.007718 	 2.588892
1587524198.094021 	 0.091118 	 2.593204
1587524198.207291 	 0.001494 	 2.547453
1587524198.295820 	 0.051036 	 2.549890
1587524198.383781 	 0.009460 	 2.574454
1587524198.471426 	 0.084147 	 2.544078
1587524198.558866 	 0.034107 	 2.532827
1587524198.646481 	 0.032862 	 2.600142
1587524198.760181 	 0.073940 	 2.577454
1587524198.849558 	 0.063981 	 2.546703
1587524198.939485 	 0.061990 	 2.552890
1587524199.028037 	 0.079915 	 2.583079
1587524199.116866 	 0.034107 	 2.556453
1587524199.205913 	 0.077425 	 2.562641
1587524199.294739 	 0.024647 	 2.557766
1587524199.383674 	 0.047550 	 2.536390
1587524199.472700 	 0.029377 	 2.503576
1587524199.562557 	 0.068214 	 2.561703
1587524199.652126 	 0.063235 	 2.590017
1587524199.742413 	 0.077674 	 2.579704
1587524199.832525 	 0.088628 	 2.543890
1587524199.923177 	 0.042073 	 2.566578
1587524200.013678 	 0.053027 	 2.554578
1587524200.104037 	 0.070703 	 2.570328
1587524200.194427 	 0.078919 	 2.546140
1587524200.284803 	 0.065226 	 2.552890
1587524200.376217 	 0.063235 	 2.540140
1587524200.466724 	 0.082653 	 2.544828
1587524200.557035 	 0.052530 	 2.553640
1587524200.647705 	 0.035352 	 2.533952
1587524200.739207 	 0.093856 	 2.569766
1587524200.830854 	 0.050787 	 2.539015
1587524200.922302 	 0.009211 	 2.512389
1587524201.015111 	 0.005228 	 2.566766
1587524201.107123 	 0.077425 	 2.576891
1587524201.199365 	 0.077674 	 2.605392
1587524201.318104 	 0.037094 	 2.594329
1587524201.410141 	 0.070454 	 2.567328
1587524201.502367 	 0.034605 	 2.588141
1587524201.594534 	 0.061990 	 2.584579
1587524201.687734 	 0.006971 	 2.535265
1587524201.779313 	 0.032115 	 2.572391
1587524201.871826 	 0.071948 	 2.545203
1587524201.964080 	 -0.004481 	 2.546515
1587524202.056699 	 0.020165 	 2.581204
1587524202.149081 	 0.044563 	 2.549890
1587524202.241567 	 0.037343 	 2.532452
1587524202.335185 	 0.027385 	 2.602579
1587524202.428429 	 0.059500 	 2.561891
1587524202.521040 	 0.045310 	 2.561328
1587524202.614117 	 0.067716 	 2.549328
1587524202.708027 	 0.070454 	 2.566766
1587524202.801748 	 0.111034 	 2.570891
1587524202.895739 	 0.072446 	 2.603329
1587524202.990545 	 0.036845 	 2.581579
1587524203.084673 	 0.025891 	 2.591517
1587524203.179411 	 0.030870 	 2.582891
1587524203.273370 	 0.065973 	 2.585141
1587524203.367374 	 0.113772 	 2.604642
1587524203.461337 	 0.080412 	 2.571453
1587524203.555275 	 0.050787 	 2.578016
1587524203.649532 	 0.086138 	 2.602204
1587524203.743694 	 0.062239 	 2.605955
1587524203.865711 	 0.034854 	 2.600892
1587524203.959882 	 0.079417 	 2.624893
1587524204.081822 	 0.049293 	 2.570891
1587524204.176559 	 0.103814 	 2.574829
1587524204.271362 	 0.070952 	 2.586641
1587524204.366175 	 0.062986 	 2.540703
1587524204.461349 	 0.084396 	 2.699707
1587524204.585335 	 0.059998 	 2.947215
1587524204.709835 	 0.046804 	 2.878775
1587524204.806964 	 0.123731 	 2.869963
1587524204.903987 	 0.124975 	 2.848024
1587524205.000875 	 0.092113 	 2.897151
1587524205.097694 	 0.057509 	 1.397293
1587524205.194780 	 0.059998 	 1.039532
1587524205.292829 	 0.059749 	 1.002218
1587524205.390095 	 0.028630 	 0.989093
1587524205.487344 	 0.036845 	 0.984030
1587524205.584700 	 0.009211 	 0.983280
1587524205.682146 	 0.023900 	 0.980842
1587524205.779428 	 0.029626 	 0.983093
1587524205.876563 	 0.024149 	 0.979342
1587524206.002946 	 0.000498 	 0.969780
1587524206.128541 	 0.016431 	 0.926278
1587524206.253793 	 0.033609 	 0.965654
1587524206.351598 	 0.053276 	 0.968092
1587524206.448759 	 0.003983 	 0.973717
1587524206.547186 	 0.017676 	 0.974842
1587524206.645873 	 0.015684 	 0.976905
1587524206.744520 	 0.004481 	 0.977842
1587524206.843174 	 0.026389 	 0.978405
1587524206.941742 	 0.013693 	 0.979717
1587524207.041507 	 0.052032 	 0.976342
1587524207.140668 	 0.020912 	 0.977280
1587524207.239806 	 0.055517 	 1.056970
1587524207.338823 	 0.059998 	 2.554015
1587524207.437616 	 0.084396 	 3.315476
1587524207.561465 	 0.171530 	 3.402291
1587524207.698223 	 0.108544 	 3.536545
1587524207.820200 	 0.162568 	 3.569171
1587524207.941678 	 0.165057 	 3.593922
1587524208.062744 	 0.163315 	 3.567671
1587524208.157999 	 0.121739 	 3.674925
1587524208.278980 	 0.239495 	 4.039061
1587524208.418074 	 0.197172 	 3.896369
1587524208.513999 	 0.277336 	 4.210816
1587524208.643046 	 0.357997 	 4.321444
1587524208.771150 	 0.401067 	 4.392134
1587524208.898876 	 0.483222 	 4.454573
1587524209.028031 	 0.469778 	 4.490575
1587524209.141873 	 0.500151 	 4.522638
1587524209.271752 	 0.531519 	 4.520950
1587524209.387465 	 0.536000 	 4.520575
1587524209.504914 	 0.502889 	 4.513450
1587524209.597373 	 0.472517 	 4.516263
1587524209.688807 	 0.517329 	 4.500700
1587524209.779780 	 0.526042 	 4.490950
1587524209.870971 	 0.517578 	 4.502012
1587524209.963023 	 0.545958 	 4.507075
1587524210.079179 	 0.539984 	 4.524138
1587524210.194377 	 0.535004 	 4.527326
1587524210.308536 	 0.560149 	 4.549264
1587524210.438021 	 0.552680 	 4.529763
1587524210.529776 	 0.581061 	 4.544014
1587524210.646408 	 0.542971 	 4.543826
1587524210.738184 	 0.544714 	 4.537451
1587524210.830185 	 0.540730 	 4.551139
1587524210.945748 	 0.571850 	 4.531826
1587524211.037484 	 0.553427 	 4.538201
1587524211.129142 	 0.552431 	 4.520575
1587524211.220711 	 0.572099 	 4.542326
1587524211.312089 	 0.540730 	 4.532576
1587524211.403766 	 0.540979 	 4.551701
1587524211.517798 	 0.542224 	 4.546826
1587524211.610367 	 0.527536 	 4.546639
1587524211.702360 	 0.557410 	 4.551139
1587524211.793989 	 0.468533 	 4.505387
1587524211.885583 	 0.507121 	 4.462074
1587524211.977297 	 0.495172 	 4.509700
1587524212.069013 	 0.491188 	 4.543639
1587524212.160347 	 0.528532 	 4.558452
1587524212.275455 	 0.540481 	 4.564639
1587524212.389771 	 0.535253 	 4.510075
1587524212.481740 	 0.557659 	 4.542701
1587524212.573075 	 0.527038 	 4.521513
1587524212.664859 	 0.368702 	 4.294819
1587524212.756351 	 0.375673 	 4.301569
1587524212.847923 	 0.388619 	 4.313569
1587524212.939294 	 0.421232 	 4.356133
1587524213.030652 	 0.394096 	 4.392509
1587524213.123363 	 0.520565 	 4.427573
1587524213.215604 	 0.520067 	 4.469574
1587524213.306953 	 0.421481 	 4.398697
1587524213.398420 	 0.446625 	 4.360821
1587524213.489768 	 0.455837 	 4.423260
1587524213.581160 	 0.471521 	 4.418010
1587524213.672371 	 0.432684 	 4.427010
1587524213.765385 	 0.442144 	 4.412010
1587524213.857553 	 0.480732 	 4.415572
1587524213.948759 	 0.501396 	 4.410322
1587524214.039918 	 0.450111 	 4.420635
1587524214.131255 	 0.400071 	 4.415947
1587524214.222439 	 0.392353 	 4.410510
1587524214.313822 	 0.402062 	 4.353320
1587524214.406779 	 0.353018 	 4.307381
1587524214.498967 	 0.347292 	 4.296694
1587524214.590691 	 0.368951 	 4.310757
1587524214.682663 	 0.304721 	 4.306631
1587524214.774609 	 0.390113 	 4.322569
1587524214.867456 	 0.372437 	 4.298569
1587524214.959991 	 0.328870 	 4.314319
1587524215.054281 	 0.367209 	 4.308506
1587524215.147511 	 0.352520 	 4.300069
1587524215.239968 	 0.405548 	 4.298194
1587524215.332928 	 0.385382 	 4.309069
1587524215.425551 	 0.372188 	 4.314882
1587524215.518325 	 0.372437 	 4.298944
1587524215.610943 	 0.339575 	 4.311319
1587524215.705387 	 0.398577 	 4.304756
1587524215.798147 	 0.379408 	 4.309069
1587524215.890396 	 0.363723 	 4.296881
1587524215.982495 	 0.373931 	 4.307194
1587524216.074675 	 0.343309 	 4.308131
1587524216.166888 	 0.363225 	 4.330257
1587524216.259391 	 0.390113 	 4.301756
1587524216.352936 	 0.351027 	 4.319569
1587524216.445803 	 0.374179 	 4.311882
1587524216.538244 	 0.402062 	 4.321444
1587524216.630495 	 0.398079 	 4.326507
1587524216.722877 	 0.358495 	 4.317507
1587524216.815606 	 0.356504 	 4.339632
1587524216.908117 	 0.345052 	 4.352195
1587524217.001511 	 0.365466 	 4.320507
1587524217.094497 	 0.344803 	 4.316569
1587524217.186933 	 0.318911 	 4.291256
1587524217.279032 	 0.333849 	 4.307194
1587524217.371195 	 0.395590 	 4.304944
1587524217.463657 	 0.260158 	 4.094187
1587524217.555971 	 0.239993 	 3.989559
1587524217.649291 	 0.201903 	 3.914744
1587524217.742001 	 0.207629 	 3.891306
1587524217.834146 	 0.200160 	 3.882493
1587524217.926422 	 0.203645 	 3.921120
1587524218.018748 	 0.231528 	 3.987872
1587524218.110735 	 0.248955 	 4.075249
1587524218.202685 	 0.221570 	 4.116313
1587524218.296008 	 0.248208 	 4.062311
1587524218.388658 	 0.255428 	 4.099250
1587524218.480530 	 0.295012 	 4.077499
1587524218.572520 	 0.282066 	 4.078249
1587524218.664984 	 0.311443 	 4.084062
1587524218.757303 	 0.269618 	 4.073937
1587524218.849382 	 0.272855 	 4.055936
1587524218.943553 	 0.264888 	 4.048436
1587524219.036036 	 0.254930 	 3.990497
1587524219.128264 	 0.236507 	 3.972121
1587524219.220528 	 0.262897 	 3.898806
1587524219.312553 	 0.206384 	 3.819867
1587524219.404571 	 0.210865 	 3.806741
1587524219.496620 	 0.217836 	 3.785178
1587524219.590038 	 0.174020 	 3.707176
1587524219.682677 	 0.206633 	 3.689738
1587524219.774756 	 0.224806 	 3.689175
1587524219.867122 	 0.207877 	 3.691800
1587524219.959182 	 0.188210 	 3.689363
1587524220.051204 	 0.125971 	 3.669674
1587524220.143372 	 0.192940 	 3.685425
1587524220.236819 	 0.168045 	 3.713363
1587524220.329396 	 0.172526 	 3.735677
1587524220.421601 	 0.183729 	 3.693113
1587524220.513661 	 0.150618 	 3.713363
1587524220.605885 	 0.143398 	 3.704738
1587524220.698047 	 0.203147 	 3.686362
1587524220.790053 	 0.163315 	 3.707551
1587524220.883620 	 0.160576 	 3.712426
1587524220.977274 	 0.164061 	 3.699863
1587524221.069981 	 0.145390 	 3.689925
1587524221.161413 	 0.157091 	 3.680175
1587524221.252671 	 0.123482 	 3.659174
1587524221.344055 	 0.245221 	 3.664424
1587524221.435342 	 0.140162 	 3.661237
1587524221.528049 	 0.209122 	 3.667049
1587524221.619746 	 0.200409 	 3.671737
1587524221.710890 	 0.169289 	 3.678675
1587524221.802391 	 0.206135 	 3.684675
1587524221.893888 	 0.181737 	 3.679237
1587524221.985123 	 0.179746 	 3.692738
1587524222.076739 	 0.195181 	 3.706238
1587524222.169422 	 0.205139 	 3.676237
1587524222.261282 	 0.172775 	 3.677175
1587524222.352561 	 0.186467 	 3.708301
1587524222.443934 	 0.244972 	 3.685425
1587524222.535860 	 0.144643 	 3.681112
1587524222.627707 	 0.173273 	 3.707363
1587524222.719325 	 0.166551 	 3.687488
1587524222.812098 	 0.168294 	 3.699300
1587524222.904293 	 0.153854 	 3.707363
1587524222.996065 	 0.162319 	 3.700613
1587524223.087756 	 0.207877 	 3.685612
1587524223.179581 	 0.181986 	 3.679987
1587524223.271129 	 0.213106 	 3.682237
1587524223.387876 	 0.192442 	 3.699488
1587524223.481063 	 0.172277 	 3.692550
1587524223.573324 	 0.185969 	 3.689550
1587524223.665283 	 0.198915 	 3.684487
1587524223.757213 	 0.181239 	 3.676050
1587524223.848932 	 0.167796 	 3.643799
1587524223.940459 	 0.221321 	 3.602547
1587524224.032146 	 0.168792 	 3.560734
1587524224.125257 	 0.189455 	 3.545733
1587524224.242402 	 0.190700 	 3.549858
1587524224.334255 	 0.126469 	 3.527733
1587524224.425944 	 0.173273 	 3.546483
1587524224.517864 	 0.153605 	 3.525295
1587524224.609679 	 0.143896 	 3.500169
1587524224.701375 	 0.123980 	 3.499982
1587524224.794435 	 0.166053 	 3.494919
1587524224.886105 	 0.197421 	 3.490232
1587524224.977991 	 0.130452 	 3.472606
1587524225.069669 	 0.136925 	 3.466231
1587524225.161279 	 0.140909 	 3.450105
1587524225.252804 	 0.107549 	 3.428730
1587524225.345350 	 0.107300 	 3.412042
1587524225.462572 	 0.116262 	 3.394791
1587524225.579743 	 0.139664 	 3.439605
1587524225.671859 	 0.124229 	 3.491732
1587524225.765477 	 0.145141 	 3.497169
1587524225.857988 	 0.156842 	 3.602360
1587524225.949959 	 0.164061 	 3.787991
1587524226.041992 	 0.183231 	 3.853993
1587524226.134011 	 0.322397 	 3.871618
1587524226.226278 	 0.257669 	 3.911932
1587524226.318385 	 0.199413 	 3.938745
1587524226.411866 	 0.221321 	 3.904432
1587524226.503987 	 0.228541 	 3.926182
1587524226.596149 	 0.226549 	 3.838992
1587524226.688407 	 0.244225 	 3.846492
1587524226.780488 	 0.196177 	 3.826992
1587524226.872723 	 0.198915 	 3.855305
1587524226.965162 	 0.214599 	 3.886806
1587524227.058753 	 0.259411 	 3.898244
1587524227.151414 	 0.229786 	 3.864868
1587524227.243652 	 0.228541 	 3.926932
1587524227.335971 	 0.218832 	 3.942870
1587524227.453228 	 0.220076 	 3.894306
1587524227.545529 	 0.168792 	 3.895431
1587524227.637819 	 0.244972 	 3.879681
1587524227.730992 	 0.228043 	 3.895431
1587524227.823622 	 0.213852 	 3.925807
1587524227.915948 	 0.204641 	 3.910807
1587524228.008145 	 0.215346 	 3.913619
1587524228.100153 	 0.232773 	 3.932745
1587524228.192053 	 0.246466 	 3.969871
1587524228.284009 	 0.249204 	 3.967434
1587524228.377307 	 0.242980 	 3.902744
1587524228.469787 	 0.195928 	 3.820429
1587524228.562175 	 0.225553 	 3.649236
1587524228.678040 	 0.151116 	 3.274037
1587524228.769910 	 0.128710 	 3.205973
1587524228.861704 	 0.095350 	 2.858525
1587524228.953381 	 0.103067 	 2.441887
1587524229.045365 	 0.085641 	 1.471732
1587524229.137168 	 -0.004481 	 1.071595
1587524229.230201 	 0.035352 	 0.995843
1587524229.346879 	 0.056264 	 0.983843
1587524229.438718 	 0.048297 	 0.984218
1587524229.530408 	 0.055517 	 0.983843
1587524229.622178 	 0.040580 	 0.990405
1587524229.714186 	 0.030870 	 0.991718
1587524229.806133 	 0.036596 	 0.991155
1587524229.923600 	 0.057509 	 0.989655
1587524230.016019 	 0.067467 	 0.987968
1587524230.107966 	 -0.001743 	 0.989093
1587524230.199737 	 0.008464 	 0.989468
1587524230.291516 	 0.047053 	 0.990405
1587524230.383212 	 0.043567 	 0.988530
1587524230.475150 	 -0.003236 	 0.986468
1587524230.568270 	 0.055019 	 0.985905
1587524230.660371 	 0.058007 	 0.981405
1587524230.752296 	 0.012946 	 0.974280
1587524230.844132 	 0.003236 	 0.978217
1587524230.935954 	 0.024647 	 0.987968
1587524231.027918 	 0.057509 	 0.988905
1587524231.119618 	 0.043318 	 0.986843
1587524231.212558 	 0.007967 	 0.986655
1587524231.304243 	 0.037841 	 0.987780
1587524231.396266 	 0.055268 	 0.987968
1587524231.488266 	 -0.004232 	 0.986843
1587524231.580116 	 0.062239 	 0.985155
1587524231.672593 	 0.055268 	 0.985718
1587524231.764314 	 0.065724 	 0.987780
1587524231.856214 	 0.017676 	 0.988530
1587524231.948153 	 0.045310 	 0.986280
1587524232.039777 	 0.031866 	 0.984968
1587524232.133236 	 0.072944 	 0.983468
1587524232.225737 	 0.034356 	 0.984030
1587524232.317675 	 0.046804 	 0.982717
1587524232.409333 	 0.008713 	 0.982717
1587524232.500981 	 0.029875 	 0.983655
1587524232.592685 	 0.027634 	 0.984968
1587524232.684524 	 0.011452 	 0.986280
1587524232.777885 	 0.036845 	 0.986093
1587524232.870166 	 0.052281 	 0.985905
1587524232.961998 	 0.050289 	 0.987780
1587524233.053862 	 0.035850 	 0.986655
1587524233.145812 	 0.044314 	 0.985155
1587524233.237967 	 0.019170 	 0.984593
1587524233.329719 	 0.007220 	 0.985155
1587524233.422611 	 0.002241 	 0.986655
1587524233.515066 	 0.046306 	 0.991155
1587524233.606932 	 0.055268 	 0.991530
1587524233.698800 	 0.017925 	 0.992655
1587524233.790555 	 0.026638 	 0.993780
1587524233.882237 	 0.049044 	 0.985155
1587524233.974292 	 0.041575 	 0.982530
1587524234.067516 	 0.013941 	 0.982905
1587524234.159736 	 0.018921 	 0.981405
1587524234.251730 	 0.082902 	 0.983655
1587524234.343744 	 0.058753 	 1.005031
1587524234.435901 	 0.045559 	 0.983093
1587524234.527992 	 0.045310 	 0.975780
1587524234.619444 	 0.062488 	 0.999593
1587524234.712244 	 0.046555 	 0.978592
1587524234.804413 	 0.053027 	 0.979342
1587524234.896755 	 0.023900 	 0.977280
1587524234.988454 	 0.036596 	 0.950654
1587524235.079997 	 0.057260 	 0.859901
1587524235.194013 	 0.014937 	 0.054939
1587524235.293233 	 -0.034356 	 0.056064
1587524235.410438 	 0.014439 	 0.056439
1587524235.502716 	 -0.052530 	 0.057002
1587524235.621658 	 -0.063732 	 0.059064
1587524235.739458 	 -0.058504 	 0.056814
1587524235.831772 	 -0.005477 	 0.055877
1587524235.924134 	 -0.015933 	 0.057939
1587524236.016602 	 -0.030124 	 0.057564
1587524236.108883 	 0.138170 	 3.644549
1587524236.200967 	 0.548199 	 4.704144
1587524236.318178 	 1.447923 	 5.062654
1587524236.452575 	 1.913967 	 5.108593
1587524236.588887 	 2.163669 	 4.956901
1587524236.711814 	 2.388226 	 4.954651
1587524236.836153 	 2.368061 	 4.913587
1587524236.929865 	 1.140463 	 4.135251
1587524237.023659 	 0.658735 	 2.792148
1587524237.119125 	 0.324388 	 1.035032
1587524237.212947 	 0.254183 	 0.732210
1587524237.325251 	 0.165555 	 1.084721
1587524237.419190 	 -0.056264 	 1.173411
1587524237.513128 	 -0.009709 	 1.299602
1587524237.607261 	 0.035103 	 1.273539
1587524237.701117 	 -0.003485 	 1.165911
1587524237.796450 	 -0.083898 	 1.053595
1587524237.920531 	 -0.122984 	 1.048532
1587524238.046471 	 -0.108544 	 1.156910
1587524238.140491 	 -0.082653 	 1.094846
1587524238.234869 	 -0.131697 	 1.041969
1587524238.360015 	 -0.081159 	 1.232100
1587524238.454305 	 -0.100080 	 1.109471
1587524238.548694 	 -0.319409 	 0.874527
1587524238.676297 	 0.108047 	 1.481858
1587524238.771033 	 0.741388 	 1.525547
1587524238.865478 	 1.714305 	 1.468357
1587524238.959953 	 1.976205 	 1.489733
1587524239.054443 	 1.796460 	 1.392042
1587524239.148999 	 1.938115 	 1.410231
1587524239.243485 	 1.711068 	 1.432544
1587524239.339423 	 1.957783 	 1.428794
1587524239.434089 	 2.311299 	 1.431231
1587524239.528184 	 1.226851 	 1.551797
1587524239.622269 	 0.597990 	 1.310290
1587524239.716647 	 0.160327 	 0.937154
1587524239.810874 	 -0.117507 	 1.106284
1587524239.905491 	 -0.004730 	 1.165536
1587524240.001080 	 -0.038588 	 1.184661
1587524240.096070 	 0.024149 	 1.210912
1587524240.190361 	 0.026140 	 1.224975
1587524240.284808 	 0.014937 	 1.228350
1587524240.378923 	 0.018174 	 1.251413
1587524240.473053 	 0.021908 	 1.259288
1587524240.567470 	 0.035352 	 1.268851
1587524240.663282 	 0.006722 	 1.251413
1587524240.758044 	 -0.047799 	 1.235100
1587524240.852268 	 0.027883 	 1.221975
1587524240.946754 	 -0.064977 	 1.188036
1587524241.041054 	 -0.069210 	 1.171723
1587524241.135596 	 -0.059998 	 1.177536
1587524241.230711 	 -0.112030 	 1.160285
1587524241.324990 	 -0.232026 	 1.169848
1587524241.419346 	 0.629607 	 1.355854
1587524241.513752 	 1.692646 	 1.940872
1587524241.680421 	 2.426565 	 1.563423
1587524241.807836 	 3.209529 	 1.428606
1587524241.925440 	 3.036505 	 1.363167
1587524242.017077 	 1.502195 	 1.423168
1587524242.108360 	 0.881052 	 1.596049
1587524242.200462 	 -0.019170 	 0.969030
1587524242.292272 	 0.054770 	 1.148285
1587524242.389053 	 0.047799 	 1.184661
1587524242.480735 	 0.045310 	 1.224787
1587524242.572140 	 0.008962 	 1.225537
1587524242.663714 	 0.046804 	 1.252351
1587524242.756430 	 0.015933 	 1.249163
1587524242.847802 	 0.035601 	 1.257226
1587524242.939265 	 0.009958 	 1.259288
1587524243.030574 	 0.046057 	 1.213162
1587524243.121929 	 0.041327 	 1.235475
1587524243.213156 	 0.061492 	 1.214475
1587524243.306081 	 0.052032 	 1.201912
1587524243.397901 	 0.050787 	 1.214475
1587524243.489228 	 0.024647 	 1.225350
1587524243.580719 	 0.051036 	 1.218787
1587524243.671954 	 0.026389 	 1.206412
1587524243.763179 	 -0.004979 	 1.176598
1587524243.855968 	 0.013941 	 1.167223
1587524243.947888 	 0.056762 	 1.150348
1587524244.039305 	 0.030621 	 1.148285
1587524244.130524 	 0.013941 	 1.142847
1587524244.222135 	 0.032862 	 1.100096
1587524244.313682 	 0.026140 	 1.116409
1587524244.406642 	 0.029128 	 1.117722
1587524244.499197 	 0.056015 	 1.110971
1587524244.590382 	 -0.002987 	 1.111721
1587524244.681641 	 0.025642 	 1.111534
1587524244.772961 	 0.049044 	 1.110221
1587524244.864690 	 0.008962 	 1.104409
1587524244.955989 	 0.025393 	 1.098971
1587524245.048760 	 0.072197 	 1.124847
1587524245.140516 	 0.025393 	 1.102346
1587524245.231800 	 -0.007967 	 1.114722
1587524245.323023 	 0.004232 	 1.118472
1587524245.414706 	 0.045559 	 1.118847
1587524245.506340 	 0.016680 	 1.120347
1587524245.598038 	 0.040331 	 1.118847
1587524245.690584 	 -0.021410 	 1.122597
1587524245.782567 	 0.030373 	 1.122034
1587524245.873993 	 0.025642 	 1.118659
1587524245.965579 	 0.048795 	 1.116034
1587524246.057153 	 0.017676 	 1.112659
1587524246.148125 	 0.055268 	 1.109846
1587524246.240407 	 0.056264 	 1.106284
1587524246.332087 	 0.039833 	 1.102909
1587524246.423458 	 0.042820 	 1.105721
1587524246.514703 	 0.018672 	 1.106846
1587524246.606169 	 0.016680 	 1.123347
1587524246.697597 	 0.036347 	 1.127097
1587524246.788781 	 0.032862 	 1.138722
1587524246.881258 	 -0.005228 	 1.139285
1587524246.973021 	 0.066471 	 1.147535
1587524247.064394 	 0.066471 	 1.151098
1587524247.155888 	 0.062986 	 1.151098
1587524247.247348 	 0.067716 	 1.161973
1587524247.338467 	 0.007967 	 1.167036
1587524247.430929 	 -0.030373 	 1.169286
1587524247.522693 	 -0.021161 	 1.171911
1587524247.614059 	 -0.030124 	 1.192349
1587524247.706280 	 -0.059500 	 1.197412
1587524247.797751 	 0.199164 	 1.210537
1587524247.888922 	 0.966693 	 1.235475
1587524247.980111 	 1.268177 	 1.146973
1587524248.071453 	 1.328175 	 1.142472
1587524248.162937 	 1.539538 	 1.271289
1587524248.255808 	 1.907494 	 1.286664
1587524248.347311 	 1.874134 	 1.523296
1587524248.438720 	 1.250750 	 1.639738
1587524248.530113 	 0.689855 	 1.016469
1587524248.621579 	 0.212110 	 0.912403
1587524248.712936 	 0.011701 	 1.105346
1587524248.804477 	 0.017178 	 1.150535
1587524248.897461 	 0.030373 	 1.165911
1587524248.989475 	 -0.000996 	 1.172286
1587524249.081019 	 0.002987 	 1.180724
1587524249.172487 	 0.002987 	 1.167223
1587524249.264120 	 0.041824 	 1.183724
1587524249.355804 	 0.020165 	 1.179036
1587524249.448574 	 0.023900 	 1.179411
1587524249.540496 	 0.019667 	 1.182224
1587524249.632059 	 0.017427 	 1.198349
1587524249.723719 	 0.046555 	 1.185974
1587524249.815560 	 0.042322 	 1.176411
1587524249.907435 	 0.073691 	 1.174723
1587524249.998916 	 0.026140 	 1.166848
1587524250.091625 	 0.008962 	 1.160285
1587524250.183841 	 -0.027883 	 1.140597
1587524250.275487 	 0.042571 	 1.136097
1587524250.367356 	 0.040580 	 1.141722
1587524250.458927 	 0.036098 	 1.129909
1587524250.550591 	 0.025891 	 1.112471
1587524250.643486 	 0.042571 	 1.105534
1587524250.735873 	 0.039584 	 1.092408
1587524250.827783 	 0.051783 	 1.088471
1587524250.920006 	 0.048795 	 1.079095
1587524251.011825 	 0.037343 	 1.058095
1587524251.103539 	 0.025642 	 1.067845
1587524251.195401 	 0.055268 	 1.081158
1587524251.287038 	 0.032364 	 1.074408
1587524251.378657 	 0.085143 	 1.064282
1587524251.471842 	 0.021161 	 1.057532
1587524251.563579 	 0.038837 	 1.051157
1587524251.655292 	 0.025144 	 1.048157
1587524251.747181 	 0.019170 	 1.047969
1587524251.838861 	 0.022655 	 1.044969
1587524251.930592 	 0.016431 	 1.050407
1587524252.022254 	 0.013195 	 1.057720
1587524252.115490 	 0.032364 	 1.057532
1587524252.207949 	 0.025891 	 1.057532
1587524252.299909 	 0.014937 	 1.057720
1587524252.391864 	 0.022157 	 1.058657
1587524252.483726 	 0.041327 	 1.062220
1587524252.575738 	 0.054521 	 1.065595
1587524252.668897 	 0.027136 	 1.052282
1587524252.761167 	 -0.029377 	 1.054532
1587524252.852775 	 0.030124 	 1.071970
1587524252.944650 	 0.011701 	 1.083408
1587524253.036600 	 0.034356 	 1.084721
1587524253.128415 	 0.045310 	 1.087158
1587524253.220039 	 0.007220 	 1.089596
1587524253.313134 	 0.053774 	 1.085846
1587524253.404913 	 0.003983 	 1.085096
1587524253.496711 	 -0.021659 	 1.079095
1587524253.588294 	 -0.029377 	 1.083596
1587524253.679961 	 -0.012697 	 1.104596
1587524253.771687 	 -0.000249 	 1.113409
1587524253.863340 	 0.158335 	 1.139660
1587524253.956347 	 1.083701 	 1.362042
1587524254.048490 	 1.942596 	 1.786930
1587524254.140766 	 2.330468 	 1.748303
1587524254.232305 	 2.336443 	 1.647800
1587524254.323846 	 2.128566 	 1.661863
1587524254.415504 	 1.120547 	 1.752991
1587524254.507306 	 0.620894 	 1.254413
1587524254.598931 	 0.328621 	 0.957404
1587524254.692042 	 -0.012199 	 1.110784
1587524254.784412 	 0.022904 	 1.166848
1587524254.876298 	 0.054023 	 1.172848
1587524254.968078 	 0.005228 	 1.152598
1587524255.059662 	 0.025642 	 1.155598
1587524255.151178 	 0.052778 	 1.158223
1587524255.243998 	 0.069707 	 1.158785
1587524255.336117 	 -0.002241 	 1.145472
1587524255.427879 	 0.030621 	 1.141910
1587524255.519824 	 0.046804 	 1.137597
1587524255.611850 	 0.022406 	 1.128597
1587524255.703670 	 -0.028630 	 1.111534
1587524255.795648 	 0.017925 	 1.094658
1587524255.888693 	 -0.016431 	 1.100659
1587524255.980973 	 0.073691 	 1.084908
1587524256.072481 	 0.049044 	 1.076283
1587524256.164153 	 0.039833 	 1.072345
1587524256.255863 	 -0.016182 	 1.070470
1587524256.347748 	 0.040331 	 1.070658
1587524256.440833 	 0.056513 	 1.059595
1587524256.533114 	 0.036098 	 1.069720
1587524256.625172 	 0.017925 	 1.080033
1587524256.717096 	 -0.002987 	 1.078720
1587524256.808652 	 0.015684 	 1.077220
1587524256.900251 	 0.013444 	 1.077033
1587524256.991956 	 0.033609 	 1.078345
1587524257.085156 	 -0.031617 	 1.082096
1587524257.177033 	 -0.028132 	 1.084346
1587524257.268905 	 0.029128 	 1.089971
1587524257.361395 	 0.023402 	 1.078533
1587524257.453160 	 0.043069 	 1.085658
1587524257.545101 	 0.074935 	 1.092033
1587524257.636922 	 0.016680 	 1.095971
1587524257.728838 	 0.029128 	 1.095033
1587524257.820500 	 0.056015 	 1.090721
1587524257.913992 	 -0.016182 	 1.092596
1587524258.006393 	 0.019170 	 1.091658
1587524258.098194 	 0.041327 	 1.101784
1587524258.190122 	 0.008962 	 1.108534
1587524258.282274 	 0.013693 	 1.104409
1587524258.374266 	 -0.000747 	 1.101034
1587524258.467721 	 -0.003236 	 1.099159
1587524258.559554 	 0.009460 	 1.109284
1587524258.651619 	 0.032115 	 1.105159
1587524258.743653 	 0.030870 	 1.114347
1587524258.835831 	 0.009709 	 1.121284
1587524258.927982 	 0.007718 	 1.122222
1587524259.019846 	 0.020165 	 1.124097
1587524259.113156 	 0.007469 	 1.123159
1587524259.205284 	 0.018672 	 1.128409
1587524259.297525 	 0.003983 	 1.133285
1587524259.389596 	 0.078172 	 1.131410
1587524259.481726 	 0.027634 	 1.133847
1587524259.573888 	 0.022157 	 1.138535
1587524259.666183 	 0.036596 	 1.143035
1587524259.759768 	 0.021659 	 1.153723
1587524259.852666 	 0.022157 	 1.162723
1587524259.944925 	 0.041078 	 1.170973
1587524260.037225 	 0.000747 	 1.193849
1587524260.129290 	 -0.008464 	 1.202474
1587524260.221418 	 0.010207 	 1.222537
1587524260.315015 	 -0.013941 	 1.217475
1587524260.407839 	 -0.000498 	 1.221412
1587524260.500365 	 0.014439 	 1.317603
1587524260.593436 	 0.022655 	 1.255351
1587524260.685414 	 0.010954 	 1.248413
1587524260.777305 	 -0.002490 	 1.257601
1587524260.869037 	 0.027634 	 1.266226
1587524260.960648 	 0.001743 	 1.275414
1587524261.052307 	 -0.018672 	 1.282352
1587524261.145754 	 0.003734 	 1.285727
1587524261.237576 	 0.046057 	 1.289477
1587524261.329384 	 0.061741 	 1.297352
1587524261.420957 	 0.028381 	 1.301852
1587524261.512626 	 0.012946 	 1.298102
1587524261.604528 	 0.026638 	 1.303727
1587524261.696375 	 0.034107 	 1.307665
1587524261.789380 	 0.046555 	 1.312915
1587524261.881830 	 0.016182 	 1.317228
1587524261.973591 	 -0.009709 	 1.321165
1587524262.065663 	 0.078670 	 1.324165
1587524262.156831 	 0.040082 	 1.323790
1587524262.248701 	 0.023900 	 1.324540
1587524262.340350 	 0.005477 	 1.323040
1587524262.433727 	 0.053525 	 1.319665
1587524262.526278 	 0.007718 	 1.324728
1587524262.618299 	 0.029128 	 1.325290
1587524262.710174 	 0.030870 	 1.328478
1587524262.802053 	 0.035352 	 1.334478
1587524262.894237 	 -0.006722 	 1.337478
1587524262.987533 	 0.013444 	 1.337291
1587524263.079979 	 0.041327 	 1.331666
1587524263.172145 	 0.014688 	 1.332978
1587524263.264421 	 -0.012697 	 1.332041
1587524263.356436 	 0.040580 	 1.328291
1587524263.448431 	 0.053525 	 1.325478
1587524263.540386 	 0.059251 	 1.326415
1587524263.633770 	 0.001743 	 1.353604
1587524263.726084 	 -0.022157 	 1.347229
1587524263.818283 	 0.046306 	 1.327541
1587524263.910936 	 0.029128 	 1.323415
1587524264.002607 	 0.026638 	 1.313853
1587524264.094502 	 0.010456 	 1.315165
1587524264.186397 	 0.059749 	 1.310477
1587524264.278338 	 0.023402 	 1.305977
1587524264.370084 	 0.001743 	 1.306165
1587524264.463642 	 0.033111 	 1.310477
1587524264.556156 	 0.066222 	 1.314790
1587524264.648154 	 0.046555 	 1.323415
1587524264.740384 	 0.024896 	 1.315353
1587524264.832328 	 0.020165 	 1.311978
1587524264.924500 	 0.025393 	 1.309165
1587524265.016603 	 0.056015 	 1.289477
1587524265.110062 	 0.019916 	 1.270914
1587524265.202406 	 0.019916 	 1.296977
1587524265.297490 	 0.035850 	 1.276726
1587524265.391360 	 0.017178 	 1.275789
1587524265.417584 	 0.043816 	 1.276164
