dp 	 flow0.002241 	 0.982780
-0.019916 	 0.982280
0.005726 	 0.984405
-0.033111 	 0.980655
-0.001245 	 0.976905
-0.016182 	 0.966654
0.021161 	 0.954404
-0.021410 	 0.956279
-0.014190 	 0.920653
-0.029128 	 0.604018
-0.026887 	 0.447514
-0.000249 	 0.556517
-0.009460 	 0.055002
0.002241 	 0.056752
-0.041824 	 0.056377
0.009460 	 0.055377
-0.040829 	 0.056377
-0.043567 	 0.057127
-0.040829 	 0.055627
-0.035601 	 0.055377
-0.031119 	 0.056002
-0.026140 	 0.056627
-0.050538 	 0.056502
-0.087383 	 0.055877
0.013195 	 0.110753
-0.017925 	 0.804025
0.011701 	 1.038032
-0.059998 	 1.356416
-0.017178 	 2.371447
0.021659 	 2.363322
0.076927 	 2.956090
0.042820 	 3.195473
0.111781 	 3.585734
0.168792 	 3.903369
0.237503 	 4.096000
0.372437 	 4.096000
0.515835 	 4.096000
0.686369 	 4.096000
0.680892 	 4.096000
0.621392 	 4.096000
0.624379 	 4.096000
0.771512 	 4.096000
0.826033 	 4.096000
0.843460 	 4.096000
0.928105 	 4.096000
1.044118 	 4.096000
1.073494 	 4.096000
0.993082 	 4.096000
0.914661 	 4.096000
0.731181 	 4.096000
0.593758 	 4.096000
0.459820 	 4.096000
0.308704 	 4.096000
0.191197 	 4.063124
0.172526 	 3.858243
0.087881 	 3.535108
-0.008962 	 2.141315
-0.024896 	 0.654145
0.001245 	 0.579768
-0.012448 	 0.071127
-0.067467 	 0.062627
-0.021659 	 0.054752
-0.021908 	 0.242007
-0.041824 	 0.180005
-0.021908 	 0.333510
0.038339 	 0.056127
-0.036845 	 0.057127
-0.066471 	 0.058002
-0.106055 	 0.059002
-0.121490 	 0.060252
-0.127465 	 0.060127
-0.176011 	 0.060377
-0.189704 	 0.060502
-0.237503 	 0.061252
-0.344305 	 0.061877
-0.261154 	 0.060877
-0.174269 	 0.060502
-0.173273 	 0.060252
-0.160327 	 0.060502
-0.126220 	 0.059627
-0.154850 	 0.060127
-0.208375 	 0.060252
-0.199911 	 0.060752
-0.158086 	 0.059502
-0.112279 	 0.058252
-0.028381 	 0.056502
0.002241 	 0.084628
0.035850 	 0.055502
-0.037094 	 0.056252
-0.018423 	 0.056627
-0.032364 	 0.056877
-0.023651 	 0.056627
-0.064977 	 0.056877
-0.033609 	 0.056752
-0.064479 	 0.058002
-0.069458 	 0.058377
-0.078172 	 0.059252
-0.030621 	 0.058752
-0.119001 	 0.059002
-0.088130 	 0.058252
-0.058255 	 0.058127
-0.036347 	 0.057752
-0.078670 	 0.057377
-0.051783 	 0.057002
-0.055019 	 0.057252
-0.069458 	 0.055502
0.003734 	 0.566642
0.005975 	 2.628580
0.060745 	 2.106439
0.008962 	 2.676582
0.061741 	 2.800960
0.093607 	 3.229724
0.056015 	 3.363353
0.048297 	 3.150721
0.000000 	 2.819336
-0.011452 	 3.193722
0.059998 	 3.210973
0.055019 	 3.195098
0.108544 	 3.269350
0.047301 	 3.283600
0.091864 	 2.904214
0.060745 	 3.291975
0.074438 	 3.665987
0.150867 	 3.697488
0.139913 	 3.532483
0.116511 	 3.470981
0.070454 	 3.559609
0.130701 	 3.710738
0.116511 	 3.604610
0.079915 	 3.254724
0.132693 	 3.800366
0.167049 	 3.921620
0.094852 	 3.761365
0.102321 	 3.703113
0.137921 	 3.963371
0.178003 	 4.057249
0.192442 	 4.096000
0.240242 	 4.096000
0.292522 	 4.096000
0.325633 	 4.096000
0.250200 	 4.096000
0.283062 	 4.096000
0.309451 	 4.096000
0.309700 	 4.096000
0.360736 	 4.096000
0.368951 	 4.096000
0.326878 	 4.096000
0.359989 	 4.096000
0.436916 	 4.096000
0.456335 	 4.096000
0.545710 	 4.096000
0.665955 	 4.096000
0.691348 	 4.096000
0.395092 	 4.096000
0.245470 	 4.096000
0.174518 	 3.986872
0.150120 	 3.874993
0.122486 	 3.686988
0.102072 	 3.321351
0.056513 	 3.235849
0.002490 	 0.784399
0.001494 	 0.523516
-0.001743 	 0.885277
0.005975 	 0.931653
0.006224 	 0.958154
0.018423 	 0.970905
-0.025891 	 0.975530
-0.026887 	 0.977280
-0.021908 	 0.978530
-0.032115 	 0.977655
0.001992 	 0.977655
0.014439 	 0.977905
-0.011452 	 0.972405
-0.008464 	 0.987155
-0.018423 	 0.978530
-0.016929 	 0.978780
-0.058255 	 0.977280
-0.035850 	 0.976655
0.004232 	 0.982780
-0.020663 	 0.932028
0.020912 	 0.766148
-0.051036 	 0.376887
-0.009211 	 0.202506
0.020414 	 0.054877
0.005726 	 0.056002
-0.038339 	 0.057252
-0.058007 	 0.059002
-0.115515 	 0.059627
-0.107051 	 0.059502
-0.054272 	 0.058127
-0.086885 	 0.058252
-0.078421 	 0.058752
-0.046555 	 0.058252
-0.067965 	 0.057752
-0.052032 	 0.058252
-0.115017 	 0.057877
-0.056264 	 0.057252
0.000249 	 3.242224
0.168543 	 4.080375
0.169538 	 3.969496
0.229537 	 4.096000
0.269618 	 4.096000
0.411025 	 4.096000
0.536996 	 4.096000
0.631101 	 4.096000
0.712012 	 4.096000
0.807112 	 4.096000
0.786698 	 4.096000
0.791926 	 4.096000
0.791926 	 4.096000
0.910678 	 4.096000
0.901715 	 4.096000
0.940303 	 4.096000
1.001297 	 4.096000
0.938063 	 4.096000
1.173574 	 4.096000
1.098639 	 4.096000
1.081461 	 4.096000
0.687365 	 4.096000
0.427207 	 4.096000
0.301236 	 4.096000
0.231528 	 4.065624
0.085392 	 3.082094
-0.049542 	 0.401137
0.009460 	 0.773149
-0.017676 	 0.910403
-0.023651 	 0.955154
-0.010456 	 0.969030
-0.044314 	 0.974530
0.035601 	 0.977280
-0.031617 	 0.978155
-0.046804 	 0.975405
-0.056762 	 0.979655
-0.027136 	 0.979155
0.007718 	 0.977030
-0.024149 	 0.976030
-0.004730 	 0.975655
-0.042820 	 0.976030
-0.039833 	 0.977155
0.033360 	 0.976155
0.030870 	 0.977030
0.024896 	 0.975530
-0.016431 	 0.971655
0.018174 	 0.966154
-0.040082 	 0.931028
-0.010456 	 0.785024
-0.020165 	 0.279134
-0.017427 	 0.056377
-0.054521 	 0.057502
-0.025891 	 0.057002
-0.025393 	 0.057752
-0.070205 	 0.058252
-0.036596 	 0.057877
0.051285 	 2.036812
0.120743 	 3.389603
0.047053 	 2.892463
0.077176 	 3.291725
0.127216 	 3.654737
0.131448 	 3.786116
0.097590 	 3.884369
0.211861 	 4.048749
0.250449 	 4.096000
0.344056 	 4.096000
0.326131 	 4.096000
0.305717 	 4.096000
0.329617 	 4.096000
0.330861 	 4.096000
0.324388 	 4.096000
0.380652 	 4.096000
0.327376 	 4.096000
0.316173 	 4.096000
0.356753 	 4.096000
0.342313 	 4.096000
0.360736 	 4.096000
0.374428 	 4.096000
0.390859 	 4.096000
0.291775 	 4.096000
0.334596 	 4.096000
0.313185 	 4.096000
0.254183 	 4.096000
0.189206 	 4.096000
0.228292 	 4.096000
0.341317 	 4.096000
0.234516 	 4.096000
0.255926 	 4.096000
0.215844 	 4.096000
0.175762 	 4.096000
0.208873 	 3.770740
0.079915 	 3.310351
0.033360 	 2.940965
0.039086 	 2.655081
0.044563 	 2.174691
0.037841 	 0.970405
0.007967 	 0.927778
-0.009211 	 0.938779
-0.011701 	 0.955279
-0.032364 	 0.968905
0.021908 	 0.972905
0.019418 	 0.974280
-0.039833 	 0.973780
-0.011701 	 0.974905
0.010456 	 0.976030
-0.000249 	 0.978780
-0.038090 	 0.978155
-0.034356 	 0.979905
-0.026389 	 0.979780
-0.004979 	 0.980030
-0.038837 	 0.981780
-0.000996 	 0.981155
0.014937 	 0.980530
0.011452 	 0.981155
0.003485 	 0.979905
-0.025393 	 0.978405
-0.015684 	 0.976655
-0.003734 	 0.977155
0.006722 	 0.977530
0.002739 	 0.977780
-0.010207 	 0.957029
0.001245 	 0.986405
-0.026887 	 0.971155
0.011203 	 0.981405
0.037094 	 0.981155
-0.040082 	 0.971155
-0.035601 	 0.987030
-0.006473 	 0.965154
-0.022904 	 0.971530
0.024647 	 0.978405
0.029626 	 0.980530
-0.022406 	 0.976405
0.032862 	 0.974030
-0.026638 	 0.980280
0.023153 	 0.981780
0.034605 	 0.981155
-0.030621 	 0.981780
0.035352 	 0.983655
-0.059500 	 0.978530
-0.038339 	 0.981155
-0.023651 	 0.981030
-0.003734 	 0.981530
-0.033609 	 0.981030
-0.016929 	 0.981280
0.034356 	 0.980405
0.047301 	 0.980530
-0.015933 	 0.981905
0.020663 	 0.980405
-0.018423 	 0.977655
0.011950 	 0.978280
-0.038090 	 0.979155
-0.011203 	 0.979030
-0.027883 	 0.978905
-0.021161 	 0.978905
0.009460 	 0.980280
0.003236 	 0.980030
-0.018174 	 0.980030
-0.051783 	 0.980405
-0.051285 	 0.980530
-0.016431 	 0.980155
-0.017676 	 0.979655
-0.019418 	 0.979905
-0.023153 	 0.979030
-0.016182 	 0.978905
-0.008713 	 0.979405
0.013444 	 0.978905
-0.009709 	 0.979155
0.031119 	 0.979405
0.008962 	 0.978780
-0.038339 	 0.978905
-0.018423 	 0.979530
-0.015435 	 0.978905
