x0000	y0000
0	0.531033928
0.040517	0.496796845
0.080997	0.529118567
0.121546	0.372298358
0.162007	0.395043274
0.202572	0.31675288
0.243021	0.380199224
0.28351	0.319386502
0.32392	0.452982954
0.364275	0.343328518
0.404757	0.416351669
0.447516	0.34572272
0.488613	0.307654913
0.529039	0.290895502
0.569591	0.345004459
0.610318	0.260728561
0.650847	0.180283385
0.691402	0.214520469
0.732063	0.237504805
0.772195	0.228885679
0.81289	0.242532628
0.853388	0.131681091
0.893881	0.157059629
0.934426	0.093852705
0.974875	0.096246907
1.015352	0.149637604
1.055657	0.149398184
1.096197	0.162326873
1.136697	0.133835873
1.1771	0.182917007
1.217879	0.168312377
1.258347	0.121146604
1.298935	0.126174428
1.339389	0.141257898
1.379847	0.099119949
1.420516	0.125216747
1.463364	0.138863696
1.504362	0.118273562
1.544609	0.128089789
1.585076	0.089303722
1.625434	0.098880529
1.665951	0.059615621
1.706244	0.056263739
1.746599	0.052672437
1.787049	0.044532151
1.827693	0.034237084
1.868285	0.047884033
1.908992	0.01388637
1.94945	0.016041151
1.989914	-0.062728084
2.03038	-0.004548983
2.071077	-0.064882865
2.111611	-0.044771571
2.152303	-0.038307227
2.192798	-0.026336218
2.233251	-0.024899697
2.273768	0.037349546
2.314934	-0.08690952
2.355339	-0.082599957
2.395776	-0.118512982
2.436272	-0.228646259
2.476683	-0.361763871
2.517117	-0.426646736
2.557323	-0.467108744
2.597797	-0.579157382
2.638359	-0.664151541
2.678788	-0.791283649
2.719233	-0.772130035
2.759678	-0.853054052
2.800141	-0.998860933
2.840477	-0.82264769
2.883733	-0.930865606
2.924482	-1.059194814
2.964928	-0.986650504
3.00571	-1.047463226
3.045871	-1.074996545
3.08633	-0.876277808
3.12696	-0.971327614
3.167397	-0.891600698
3.207788	-0.686417616
3.248249	-0.670376465
3.288671	-0.739329473
3.329161	-0.661278499
3.369723	-0.592564911
3.410213	-0.645237347
3.450698	-0.536301172
3.491024	-0.470939467
3.531468	-0.524330164
3.57202	-0.521217701
3.61271	-0.395043274
3.653221	-0.381156904
3.693821	-0.38905777
3.734337	-0.324653745
3.774532	-0.279642754
3.815082	-0.25929204
3.85544	-0.183395847
3.898237	-0.180043965
3.939089	-0.191536133
3.979504	-0.183874688
4.020097	-0.126892688
4.060639	-0.11563994
4.101298	-0.108217915
4.141831	-0.082121117
4.182392	-0.069192428
4.22296	-0.091937344
4.263435	-0.087627781
4.303977	-0.098641108
4.344436	-0.111569797
4.384789	-0.120188923
4.425199	-0.240856687
4.465946	-0.162087452
4.506268	-0.103908352
4.546847	-0.111090957
4.587324	-0.131920512
4.627735	-0.081402856
4.668309	-0.221463654
4.708876	-0.246842191
4.749404	-0.15873557
4.789857	-0.004309563
4.830604	0.155383688
4.871173	0.223139595
4.913996	0.508049592
4.954913	0.752258162
4.995262	0.90907837
5.035808	0.996227311
5.076266	1.028309613
5.116682	1.121444058
5.157581	1.107797108
5.198019	1.090798276
5.23852	1.130781444
5.278894	1.093431898
5.319504	1.043632504
5.359875	0.989523546
5.400366	1.091516537
5.440663	1.058237134
5.481072	0.882263312
5.521626	0.983059202
5.561942	0.994072529
5.602468	0.918655177
5.64298	0.904289967
5.683449	0.900938085
5.723678	0.823605371
5.764042	0.817141027
5.804388	0.841083043
5.844647	0.767341632
5.885282	0.799902775
5.925713	0.758483086
5.966163	0.624886633
6.006503	0.594240852
6.04705	0.57748144
6.087668	0.505415971
6.130452	0.464475122
6.171508	0.486980618
6.211998	0.459686719
6.252508	0.478361492
6.293048	0.407732543
6.333513	0.373974299
6.37384	0.370382997
6.414254	0.287543619
6.454833	0.301908829
6.495225	0.270065947
6.535907	0.166875856
6.576328	0.141736738
6.617122	0.193930335
6.657442	0.141018478
6.697989	0.111809218
6.73847	0.174058461
6.77891	0.113245739
6.819459	0.135751234
6.859967	0.111330377
6.900535	0.088106621
6.940978	0.074938512
6.981448	0.033039983
7.021851	0.051235916
7.062354	-0.001197101
7.102913	0.010295067
7.145576	0.024181437
7.186486	0.034476504
7.22708	0.01484405
7.267474	0.01484405
7.307895	0.001197101
7.348344	-0.038546647
7.388793	-0.033997664
7.429254	-0.151074125
7.469844	-0.218351191
7.510287	-0.343807358
7.550734	-0.406535442
7.59113	-0.53294929
7.631552	-0.659841978
7.672027	-0.718978759
7.712378	-0.608127222
7.752941	-0.696712683
7.793348	-0.846110867
7.834012	-0.945949076
7.87426	-1.033098016
7.914563	-1.057758293
7.954969	-1.124077679
7.996009	-1.125753621
8.036437	-1.122162318
8.076801	-1.151132158
8.117233	-1.176031855
8.157744	-1.063264957
8.198219	-1.02352121
8.238637	-1.005564697
8.279081	-0.896149681
8.319675	-0.844195505
8.360203	-0.77835496
8.400822	-0.70652891
8.441439	-0.609084902
8.481861	-0.567425794
8.522061	-0.514992777
8.565141	-0.513077416
8.60591	-0.525287844
8.646352	-0.419942971
8.686902	-0.386663568
8.727274	-0.38977603
8.767784	-0.350032283
8.80826	-0.358651409
8.848776	-0.437181223
8.889194	-0.401507618
8.929578	-0.328484468
8.970082	-0.249954653
9.010504	-0.270305367
9.051165	-0.251870015
9.09151	-0.174776721
9.131998	-0.175734402
9.172292	-0.205183082
9.212545	-0.162326873
9.252971	-0.14413094
9.293446	-0.106781394
9.334032	-0.090979663
9.374212	-0.050996495
9.414512	-0.032082302
9.454798	0.003591302
9.495094	-0.016280571
9.535588	0.053390697
9.578306	0.05746084
9.619498	0.094810386
9.659918	0.231998141
9.700387	0.328005627
9.740921	0.414675728
9.781429	0.535582911
9.821829	0.391212551
9.86232	0.491050761
9.902806	0.733104548
9.943365	0.755610044
9.983802	0.789368287
10.024324	0.903571707
10.064755	0.891121858
10.10509	1.039562361
10.145583	1.183453881
10.186161	1.161906066
10.226869	1.048899747
10.26745	1.154484041
10.307921	1.071644663
10.348451	1.120007537
10.388803	1.278024846
10.429154	0.987608185
10.46977	0.973721815
10.510337	0.868616362
10.550973	0.906923589
10.593913	0.860236657
10.634689	0.830309136
10.6751	0.761834968
10.715583	0.695036742
10.75596	0.609803163
10.79643	0.639012423
10.83783	0.482910475
10.878097	0.411323845
10.918606	0.445800349
10.958958	0.392170232
10.999322	0.421140072
11.03959	0.311964476
11.079945	0.287304199
11.120456	0.313879838
11.160868	0.221463654
11.201296	0.257855519
11.241891	0.239899006
11.282394	0.175973822
11.322799	0.181959326
11.363146	0.209971486
11.403783	0.176692083
11.4444	0.186029469
11.484776	0.146046301
11.525136	0.136469495
11.565454	0.106302554
11.605661	0.145567461
11.646079	0.107499655
11.686532	0.131202251
11.726952	0.084994159
11.767352	0.109175596
11.810032	0.108217915
11.850909	0.093852705
11.891407	0.095528646
11.931794	0.049081134
11.971957	0.0581791
12.012386	0.059376201
12.053015	0.02873042
12.093478	0.096965167
12.133859	0.079966335
12.174256	0.096965167
12.21473	0.05770026
12.255203	0.026336218
12.295623	-0.049559974
12.336111	-0.083797058
12.376661	-0.162566293
12.417101	-0.185550629
12.457449	-0.290895502
12.497883	-0.385227047
12.538261	-0.450349332
12.578671	-0.637815322
12.619515	-0.633026919
12.659946	-0.758004246
12.700548	-0.777397279
12.740878	-0.841801304
12.781663	-0.909557211
12.824413	-0.943794294
12.865474	-0.960074866
12.906659	-1.008677159
12.947103	-0.963905588
12.987797	-1.018253966
13.028238	-0.858800136
13.068928	-0.96677863
13.109458	-0.988805286
13.149924	-0.988565866
13.190272	-0.973961235
13.23095	-0.873883606
13.271433	-0.919612858
13.312072	-0.876517228
13.352581	-0.814507405
13.393081	-0.754412943
13.433558	-0.725203683
13.473872	-0.632548079
13.514276	-0.607887802
13.554679	-0.549948121
13.595048	-0.515950458
13.635453	-0.503500609
13.676538	-0.404620081
13.716933	-0.43287166
13.75715	-0.339737216
13.797422	-0.344046779
13.838039	-0.293050283
13.878466	-0.262165082
13.918968	-0.229843359
13.959411	-0.23104046
13.999811	-0.232955822
14.039988	-0.200873519
14.080373	-0.231519301
14.12088	-0.193690914
14.161172	-0.139342537
14.202091	-0.198958158
14.245179	-0.104147772
14.286159	-0.1151611
14.326631	-0.130723411
14.36718	-0.095049806
14.407581	-0.094092125
14.44836	-0.080445176
14.488791	-0.109893856
14.529202	-0.088106621
14.56985	-0.117555302
14.610327	-0.116597621
14.650969	-0.091937344
14.691623	-0.079726915
14.732307	-0.137427175
14.772833	-0.04261679
14.813331	-0.029688101
14.854014	0.030645781
14.894414	0.08643068
14.934814	0.136708915
14.975242	0.219308872
15.015656	0.246842191
15.056103	0.353144745
15.096573	0.46112324
15.137047	0.660799658
15.177593	0.465193383
15.218164	0.770214674
15.261142	0.72113354
15.302277	0.789847128
15.342754	0.72137296
15.383271	0.609084902
15.423697	0.520260021
15.464103	0.480516273
15.504492	0.395761534
15.544775	0.322259544
15.585284	0.3466804
15.625987	0.238941326
15.666583	0.282036956
15.706969	0.256418998
15.747394	0.24492683
15.787969	0.17357962
15.828453	0.194888015
15.869048	0.192014973
15.909639	0.185550629
15.950181	0.290656082
15.990686	0.287304199
16.031271	0.227927998
16.071675	0.238462485
16.112408	0.171903679
16.153222	0.145328041
16.194004	0.177170923
16.234549	0.17310078
16.277508	0.146285721
16.318703	0.146046301
16.359334	0.118034142
16.399902	0.102711251
16.440257	0.070868369
16.480811	0.096486327
16.522026	0.056024319
16.562496	-0.004548983
16.603179	-0.031364042
16.643689	0.025378538
16.684136	0.090500823
16.724546	0.108696755
16.764956	0.080924016
16.805203	0.055784899
16.845724	0.069910688
16.886332	0.030645781
16.926755	0.062488663
16.967235	0.016759412
17.0077	-0.003351882
17.048214	-0.004309563
17.088676	0.004309563
17.129226	-0.005985504
17.169763	0.039504327
17.210259	0.028012159
17.250715	0.016280571
17.291257	-0.006703765
17.331641	-0.049320554
17.37229	-0.073980831
17.412678	-0.076135613
17.453376	-0.107978495
17.496029	-0.2018312
17.536936	-0.241574948
17.577277	-0.325132585
17.617739	-0.36080619
17.658154	-0.38881835
17.698677	-0.453222374
17.739054	-0.351708224
17.779563	-0.358651409
17.820156	-0.390973131
17.860772	-0.508289013
17.901282	-0.584185205
17.941825	-0.621295331
17.982394	-0.657926616
18.023013	-0.720175859
18.063874	-0.789368287
18.104494	-0.787213506
18.144795	-0.750821641
18.18538	-0.773327136
18.225931	-0.803254657
18.266657	-0.695036742
18.307092	-0.777636699
18.347588	-0.707965431
18.388208	-0.729752666
18.428765	-0.715866296
18.469451	-0.565031592
18.512522	-0.637575902
18.553604	-0.622013591
18.594153	-0.575566079
18.634969	-0.517147559
18.675553	-0.502782349
18.716038	-0.414675728
18.756524	-0.431195719
18.797048	-0.38905777
18.83766	-0.405817181
18.87813	-0.323217224
18.918752	-0.293529124
18.959378	-0.221463654
19.000058	-0.240856687
19.040648	-0.315555779
19.081305	-0.257855519
19.121711	-0.23127988
19.162375	-0.21619641
19.203001	-0.145806881
19.243725	-0.154904847
19.284275	-0.153468326
19.324791	-0.096965167
19.365897	-0.108936176
19.406226	-0.128808049
19.446662	-0.093134445
19.487226	-0.036391865
19.527747	-0.068234747
19.568383	-0.04333505
19.608925	-0.041419689
19.649337	-0.081402856
19.689757	-0.068713588
19.730211	-0.066558806
19.770775	-0.069671268
19.811213	-0.036870706
19.852564	-0.047165773
19.892927	-0.038307227
19.935953	-0.094810386
19.976849	-0.065361705
20.017208	0.002394202
20.057613	0.060094462
20.098104	0.045729252
20.138666	0.05722142
20.179119	0.069910688
20.219758	0.108696755
20.260257	0.180043965
20.300867	0.163523973
20.34151	0.0581791
20.382047	0.021068975
20.422443	0.119470663
20.463223	0.223857855
20.503932	0.284670577
20.544344	0.27413609
20.584859	0.293768544
20.6253	0.353623585
20.665847	0.284909998
20.706193	0.367509955
20.746688	0.520738861
20.787212	0.468784685
20.827638	0.421379492
20.868242	0.565989273
20.908818	0.542047256
20.951784	0.673010087
20.99275	0.621774171
21.033623	0.686417616
21.073931	0.650983431
21.114536	0.474291349
21.154966	0.43311108
21.195609	0.445800349
21.236303	0.27341783
21.277004	0.433350501
21.317535	0.338779535
21.358123	0.327287367
21.398679	0.263122763
21.439265	0.257137258
21.479968	0.279163914
21.520674	0.165439335
21.56117	0.132638772
21.601806	0.270065947
21.642769	0.221942494
21.683401	0.113724579
21.723862	0.163284553
21.764392	0.119470663
21.804841	0.078769235
21.845378	0.089064302
21.886036	0.076614453
21.92663	0.041659109
21.969768	0.105823713
22.010813	0.017717092
22.05152	0.007900865
22.092146	-0.003112462
22.13269	0.020829554
22.173134	0.052433016
22.214392	0.015801731
22.254959	-0.044532151
22.295334	-0.009576807
22.335868	-0.006464344
22.376364	-0.02873042
22.416879	-0.026336218
22.457298	-0.090500823
22.498019	-0.04261679
22.538498	-0.083078798
22.579009	-0.062009823
22.619663	-0.013646949
22.660244	-0.020590134
22.70095	-0.004548983
22.741462	0.037110126
22.782068	0.005027823
22.822513	-0.0581791
22.863185	-0.032561143
22.903888	-0.04333505
22.944397	-0.008379706
22.98499	-0.023942017
23.025505	0.022505496
23.066051	-0.034476504
23.106558	-0.053390697
23.147132	0.002394202
23.190069	-0.036870706
23.231132	-0.068234747
23.27154	-0.009576807
23.312032	-0.047405193
23.352509	-0.038546647
23.393138	-0.049320554
23.433736	0.006224924
23.474216	-0.02825158
23.514599	-0.019632454
23.555133	0.004309563
23.595625	-0.039264907
23.636312	-0.030406361
23.676978	0.016280571
23.717465	-0.01484405
23.757948	0.016519991
23.798473	-0.039264907
23.838972	-0.00023942
23.879553	-0.02920926
23.92009	-0.022984336
23.961285	-0.062728084
24.00197	-0.009576807
24.042923	-0.065840546
24.083721	-0.102232411
24.12415	-0.351947644
24.164764	-0.987847605
24.207953	-0.744596716
24.249124	-1.388397543
24.289663	-1.765723724
24.330322	-1.926135236
24.371016	-2.084870806
24.411794	-2.074815159
24.452649	-2.052309663
24.493436	-2.041056915
24.533945	-1.87418106
24.574489	-1.916079589
24.615089	-1.698925498
24.655872	-1.613213079
24.696534	-1.610100616
24.737129	-1.574905852
24.777803	-1.497812559
24.818469	-1.45687171
24.859319	-1.610818877
24.900079	-1.624465826
24.940671	-1.694137095
24.981331	-1.786074438
25.021833	-1.880166564
25.063199	-1.820311522
25.103984	-1.77362459
25.144443	-1.739626926
25.185033	-1.540429348
25.22556	-1.473870542
25.266641	-1.435323895
25.307049	-1.35607582
25.347764	-1.344823073
25.388311	-1.325908879
25.428976	-1.203565175
25.469796	-1.218409225
25.510345	-1.175792435
25.552044	-1.097502041
25.593865	-1.001255134
25.643044	-1.073799445
25.683646	-0.92320416
25.724143	-0.780030901
25.764985	-0.641167205
25.80543	-0.608127222
25.846334	-0.470460626
25.88702	-0.521217701
25.927646	-0.536780012
25.968469	-0.25953146
26.009209	-0.161129772
26.049921	-0.109893856
26.090693	-0.107499655
26.131427	-0.047405193
26.171986	-0.063925184
26.212638	-0.048362874
26.253469	-0.084994159
26.293903	-0.008619126
26.334583	-0.022744916
26.375479	0.001915361
26.41628	-0.046926353
26.457093	-0.012210428
26.497776	-0.011971008
26.538325	-0.123061965
26.578951	-0.12928689
26.619753	-0.047405193
26.663674	0.269826527
26.705466	0.336864174
26.746216	0.526006105
26.787015	0.640448944
26.827569	0.594959113
26.868336	0.596635054
26.909015	0.753455263
26.951129	0.85042043
26.997669	0.848265648
27.038237	0.817380447
27.079102	0.698388624
27.119911	0.566946953
27.160597	0.513077416
27.201343	0.497515105
27.242362	0.47644613
27.284705	0.487698878
27.334027	0.593043751
27.3763	0.566228693
27.420425	0.592325491
27.463158	0.57676318
27.506168	0.474530769
27.547838	0.357933148
27.590743	0.237983645
27.633673	0.192254393
27.676593	0.261207401
27.721893	0.301669409
27.764861	0.27389667
27.806538	0.255940158
27.849221	0.237983645
27.89421	0.250433494
27.939521	0.217154091
27.987977	0.234631763
28.034552	0.190099612
28.080505	0.240617267
28.12358	0.198718738
28.164263	0.159693251
28.205418	0.085472999
28.250295	0.071347209
28.297013	0.1151611
28.343433	0.061291563
28.387464	0.063685764
28.433667	0.017717092
28.476686	0.058418521
28.51704	0
28.557266	-0.020590134
28.597659	-0.004070143
28.640653	0.006943185
28.681475	0.009337386
28.721564	-0.017717092
28.762298	-0.01412579
28.803399	-0.031603462
28.846715	-0.112048638
28.890288	-0.240377847
28.931265	-0.453940635
28.974981	-0.666306322
29.021198	-0.612436785
29.064855	-0.694318481
29.108459	-0.708923112
29.151983	-0.982101521
29.195447	-1.208114158
29.239023	-1.205719956
29.28229	-1.160230125
29.322695	-1.495418357
29.363381	-1.54306297
29.408849	-1.433408534
29.450668	-1.325908879
29.495227	-1.380257257
29.539869	-1.422155786
29.58719	-1.429577811
29.630978	-1.303642804
29.673919	-1.386003341
29.716536	-1.253843409
29.757038	-1.472194601
29.800178	-1.28329209
29.8438	-1.125993041
29.888356	-1.238759939
29.931151	-0.969412252
29.973633	-0.82240827
30.013939	-0.892558379
30.054337	-0.92296474
30.094607	-0.904289967
30.137367	-0.760637867
30.17818	-0.662475599
30.2186	-0.539413634
30.259888	-0.574368978
30.303568	-0.488177719
30.348464	-0.51978118
30.391841	-0.441969627
30.434904	-0.386424148
30.478143	-0.424013114
30.521817	-0.330160409
30.566822	-0.299035787
30.609643	-0.349314022
30.65221	-0.305260712
30.696948	-0.282276376
30.739469	-0.282755216
30.783832	-0.18698715
30.824216	-0.246123931
30.869478	-0.249236393
30.913076	-0.224097275
30.953722	-0.188184251
30.996088	-0.111809218
31.037249	-0.073980831
31.077418	-0.061052142
31.117824	-0.005746084
31.158307	0.019632454
31.199158	0.039743748
31.241789	0.116597621
31.281993	0.108696755
31.322745	-0.021787235
31.36388	0.099838209
31.406231	0.2018312
31.446765	0.265516964
31.487385	0.383311686
31.529784	0.571974777
31.570112	0.696233843
31.610448	0.82240827
31.650966	0.86526448
31.691506	0.869095203
31.732068	0.718499918
31.772276	0.652659373
31.812766	0.625365474
31.853144	0.675164868
31.893443	0.723048901
31.933803	0.691206019
31.976608	0.636857642
32.017756	0.667503423
32.058208	0.628477936
32.098583	0.560722029
32.13877	0.531033928
32.179171	0.482431635
32.219686	0.44675803
32.260013	0.31747114
32.300528	0.43287166
32.344219	0.460165559
32.38507	0.429759198
32.43085	0.347159241
32.477078	0.342370837
32.521024	0.249715233
32.564836	0.225773217
32.608685	0.250912334
32.652961	0.271263048
32.695854	0.256418998
32.736726	0.238941326
32.777906	0.27437551
32.822305	0.143412679
32.86628	0.190817872
32.910391	0.11540052
32.954511	0.135751234
32.997582	0.148919343
33.038682	0.089543142
33.080437	0.119470663
33.123541	0.08595184
33.164223	0.05770026
33.204906	0.047405193
33.245663	0.056982
33.286493	0.039743748
33.328752	0.073741411
33.372539	0.083078798
33.416524	0.035434185
33.460616	0.017238252
33.506453	0.015801731
33.551143	0.009816227
33.597175	0.00023942
33.641088	-0.067516487
33.68501	-0.021547815
33.727909	-0.054587798
33.768805	-0.084754739
33.809738	-0.08714894
33.850817	-0.214759889
33.891658	-0.339497795
33.932531	-0.411563265
33.973818	-0.466151063
34.014619	-0.592804331
34.055332	-0.593043751
34.096337	-0.64954691
34.137114	-0.751300481
34.178064	-0.867179841
34.219044	-0.752018742
34.260117	-0.956962404
34.301043	-0.973482395
34.341981	-1.103966385
34.382756	-1.155441721
34.423425	-1.210268939
34.462743	-1.059673655
34.505284	-0.992157168
34.545685	-1.012986722
34.586241	-0.95241342
34.626511	-0.935893429
34.666756	-0.682586893
34.707129	-0.724964263
34.747424	-0.695755002
34.787664	-0.729034406
34.828049	-0.616985768
34.868565	-0.515950458
34.908932	-0.46136266
34.952171	-0.435984122
34.993121	-0.542765516
35.033644	-0.376129081
35.073867	-0.392409652
35.114204	-0.436223543
35.154329	-0.357214888
35.194543	-0.262643922
35.234984	-0.297120426
35.275382	-0.312922157
35.315846	-0.276051451
35.356088	-0.183874688
35.39637	-0.260967981
35.436741	-0.228406838
35.477002	-0.343567938
35.517612	-0.210210906
35.558031	-0.198000477
35.598406	-0.161608612
35.638712	-0.1448492
35.679244	-0.154665427
35.719682	-0.147003982
35.760052	-0.120428344
35.800598	-0.128089789
35.841044	-0.053630117
35.881319	-0.091697924
35.921588	-0.070868369
35.962761	-0.099119949
36.005794	-0.051714756
36.046204	0.011492168
36.08671	0.018435353
36.127003	0.10103531
36.167346	0.11492168
36.207709	0.162087452
36.248107	0.244208569
36.288425	0.358890829
36.328755	0.440533106
36.369424	0.618182869
36.409727	0.696473263
36.450148	0.731189187
36.490447	0.612915625
36.530827	0.705331809
36.571098	0.693360801
36.611378	0.599029255
36.65183	0.582269844
36.692267	0.555933626
36.732603	0.594959113
36.772915	0.622731852
36.813912	0.695994423
36.85406	0.520020601
36.89431	0.480276853
36.934538	0.422337173
36.974962	0.393606753
37.015286	0.423534274
37.055487	0.44723687
37.095803	0.41754877
37.136276	0.321780703
37.176611	0.306457813
37.216949	0.284431157
37.257489	0.333512291
37.29958	0.277727393
37.343911	0.323696065
37.392809	0.349792863
37.439913	0.179086284
37.4895	0.236786544
37.536304	0.203746561
37.583614	0.251391174
37.631003	0.18746599
37.68024	0.193451494
37.729975	0.140060797
37.78016	0.163045133
37.827643	0.181480486
37.874172	0.221703074
37.919755	0.095049806
37.967065	0.132878192
38.009054	0.124737907
38.050982	0.08714894
38.096165	0.005985504
38.142857	0.053869537
38.18874	0.01412579
38.235347	0.007422025
38.282682	0.077572134
38.329908	-0.04357447
38.378143	-0.009816227
38.426663	0.008619126
38.471264	-0.009097966
38.513145	-0.02896984
38.554805	-0.053151277
38.596626	-0.027772739
38.638129	-0.052672437
38.680029	-0.071107789
38.721815	-0.033758243
38.763539	-0.023942017
38.805073	-0.120188923
38.846844	-0.574608398
38.888515	-0.558806668
38.932961	-0.641167205
38.974955	-0.637336482
39.016842	-0.72113354
39.058693	-0.845632026
39.100643	-0.969891093
39.142729	-1.051293949
39.184705	-1.127668982
39.226422	-1.147062015
39.268148	-1.155441721
39.309954	-1.064940898
39.351989	-1.089601176
39.393876	-1.057758293
39.43562	-0.96677863
39.477278	-0.839167682
39.519153	-0.76398975
39.560904	-0.805648859
39.602821	-0.753215842
39.644493	-0.753215842
39.686408	-0.680432112
39.728002	-0.648110389
39.770113	-0.679474431
39.81179	-0.638294163
39.85469	-0.626801995
39.896293	-0.543962617
39.937977	-0.520978281
39.979743	-0.50517655
40.021394	-0.526963785
40.063146	-0.401268198
40.104799	-0.395522114
40.146412	-0.371101257
40.187816	-0.368946476
40.23739	-0.256418998
40.286825	-0.301190569
40.336229	-0.268629426
40.385773	-0.192972654
40.430744	-0.194888015
40.479764	-0.15897499
40.528845	-0.190099612
40.570976	-0.171424839
40.612633	-0.177649763
40.65401	-0.154426007
40.695419	-0.185550629
40.736918	-0.107978495
40.778533	-0.013168109
40.820124	-0.102950671
40.861942	-0.076853873
40.903554	-0.092176764
40.945059	-0.051475336
40.986735	-0.048362874
41.028122	-0.009576807
41.070008	0.049320554
41.111966	0.081881697
41.153822	0.109415016
41.195448	0.142215579
41.236965	0.21571757
41.278551	0.041898529
41.320149	0.161369192
41.368834	0.433350501
41.417633	0.443166727
41.460381	0.497275685
41.504613	0.684981095
41.546737	0.658644877
41.588169	0.621055911
41.636843	0.814746825
41.678711	0.775481918
41.727393	0.765665691
41.776536	0.819535228
41.824946	0.610760844
41.873444	0.724964263
41.915516	0.670376465
41.957295	0.625365474
42.000674	0.491529601
42.042556	0.551863483
42.084153	0.603099398
42.125883	0.529836827
42.167503	0.492487282
42.209309	0.399592257
42.251006	0.364876333
42.293057	0.38929719
42.334597	0.325611426
42.376222	0.358651409
42.417926	0.341413157
42.459571	0.373734879
42.501325	0.343328518
42.542915	0.243011469
42.586826	0.238941326
42.628817	0.300232888
42.670501	0.217872351
42.712322	0.213323368
42.753932	0.170706578
42.795399	0.204464822
42.836876	0.194648595
42.879058	0.110612117
42.927028	0.196324536
42.97551	0.145328041
43.029896	0.073023151
43.073648	0.139821377
43.116416	0.094570966
43.159061	0.061530983
43.20274	-0.023942017
43.245555	0.030885201
43.28831	0.027293899
43.331068	0.024181437
43.373911	0.007422025
43.416788	-0.003112462
43.459544	0.009337386
43.502573	-0.00071826
43.545165	-0.017238252
43.587824	-0.012449849
43.630723	-0.050278235
43.673388	0.009576807
43.715942	0.015801731
43.758609	-0.002154781
43.801354	-0.027533319
43.843931	-0.054108958
43.886735	-0.019153613
43.9318	-0.095768066
43.975137	-0.235110603
44.017909	-0.311964476
44.060601	-0.469024105
44.103375	-0.628717356
44.14591	-0.656490095
44.188691	-0.80780364
44.231468	-0.991917748
44.274281	-1.032140336
44.316947	-0.984495723
44.359676	-1.21146604
44.402782	-1.219366906
44.445317	-1.146822595
44.48811	-1.047702646
44.530985	-0.874841287
44.573606	-1.103487545
44.616418	-1.069011041
44.658942	-1.19638257
44.701794	-0.96653921
44.744559	-1.015380924
44.787247	-0.952892261
44.829811	-0.921767639
44.872608	-0.599268676
44.915193	-0.823844791
44.957847	-0.904768807
45.003184	-0.748188019
45.046439	-0.703655868
45.089006	-0.638294163
45.131876	-0.715148036
45.174688	-0.540131895
45.217386	-0.555454785
45.260125	-0.514992777
45.303188	-0.423294854
45.345852	-0.392649072
45.38857	-0.311964476
45.431388	-0.35984851
45.474102	-0.384748207
45.516948	-0.245884511
45.559711	-0.281079275
45.602772	-0.247560452
45.645384	-0.327526787
45.688049	-0.203267721
45.730968	-0.263601603
45.773839	-0.254743057
45.816608	-0.21667525
45.859172	-0.241096107
45.902837	-0.267911166
45.945445	-0.156820209
45.988052	-0.058418521
46.030859	-0.120667764
46.073816	-0.232716401
46.116492	-0.168791217
46.159093	-0.231998141
46.201965	-0.165199915
46.244651	0.290416661
46.287254	0.38905777
46.330103	0.279163914
46.372833	0.343567938
46.41555	0.398155736
46.458439	0.352426484
46.503964	0.435026442
46.547248	0.50445829
46.589854	0.592564911
46.63291	0.705331809
46.675516	0.69240312
46.718237	0.806127699
46.760849	0.684981095
46.80359	0.728794985
46.846454	0.809958422
46.88906	0.63422402
46.931776	0.6636727
46.974452	0.705810649
47.017118	0.655771835
47.059789	0.594959113
47.102774	0.657208356
47.145501	0.56263739
47.188435	0.537737693
47.231111	0.463517441
47.27385	0.494642063
47.316641	0.414915148
47.359358	0.394325013
47.402459	0.518105239
47.445153	0.416351669
47.487898	0.38953661
47.530814	0.338300695
47.576102	0.362960972
47.619434	0.339497795
47.662331	0.319865342
47.70507	0.280839855
47.747872	0.265516964
47.790716	0.375650241
47.833649	0.20135236
47.876651	0.174776721
47.919433	0.118752402
47.962454	0.15897499
48.005199	0.199676419
48.047911	0.1733402
48.09074	0.185071788
48.133857	0.063206924
48.176675	0.060333882
48.219635	0.156101948
48.262522	0.11492168
48.305175	0.051714756
48.347783	0.067277067
48.39066	0.007422025
48.434903	0.044771571
48.478479	0.011971008
48.521712	-0.009337386
48.565555	-0.033518823
48.6088	0.016041151
48.6545	-0.046208092
48.697824	-0.082599957
48.740903	0.04381389
48.785232	-0.036870706
48.828408	-0.003351882
48.871036	-0.056503159
48.914489	-0.089782562
48.957385	-0.184114108
49.000509	-0.296641586
49.043265	-0.419703551
49.08668	-0.514035096
49.132285	-0.515232197
49.174401	-0.64834981
49.216152	-0.895192001
49.258148	-0.911951412
49.30032	-0.913387933
49.342409	-1.064222638
49.384563	-1.037407579
49.426619	-1.209790099
49.46857	-1.115219133
49.510497	-1.128866083
49.552651	-1.079306108
49.5945	-0.984495723
49.636479	-0.996227311
49.678229	-1.116895074
49.720213	-1.179144318
49.762228	-0.971327614
49.804	-0.825760153
49.845833	-0.907163009
49.887696	-0.846110867
49.931969	-0.921528219
49.974306	-0.934456908
50.016145	-0.894952581
50.057945	-0.79319901
50.099929	-0.830309136
50.142024	-0.730949767
50.184096	-0.643082566
50.225992	-0.544680878
50.267957	-0.73597759
50.309886	-0.623450112
50.351949	-0.60573302
50.393727	-0.4903325
50.435754	-0.477643231
50.477761	-0.36104561
50.519792	-0.278924493
50.561558	-0.334230552
50.603693	-0.136469495
50.645514	-0.377086762
50.687339	-0.253067116
50.729311	-0.275572611
50.771198	-0.207098444
50.813186	-0.193690914
50.855079	-0.169988318
50.896931	-0.141257898
50.938661	-0.198479318
50.983428	-0.147243402
51.025948	-0.11587936
51.0679	-0.096486327
51.109964	-0.044053311
51.152246	-0.020829554
51.194133	-0.053390697
51.236153	-0.058657941
51.278002	-0.055784899
51.320055	-0.024899697
51.362263	-0.01436521
51.404289	-0.003112462
51.446237	0.055784899
51.488015	-0.135272394
51.530147	0.204704242
51.572104	0.311725056
51.614049	0.489374819
51.655892	0.549229861
51.697981	0.541807836
51.740084	0.406535442
51.781936	0.402704719
51.823672	0.51858408
51.866314	0.507331332
51.908204	0.514035096
51.950222	0.481952794
51.992322	0.428801517
52.034486	0.429759198
52.076381	0.441730206
52.118219	0.537498273
52.160059	0.596635054
52.202305	0.491290181
52.244189	0.496796845
52.28627	0.424970795
52.328167	0.422576593
52.370205	0.412042106
52.412044	0.426167896
52.456616	0.477643231
52.498803	0.33135751
52.540689	0.356017787
52.582699	0.376847341
52.624424	0.248996973
52.666092	0.308373174
52.708014	0.381156904
52.749936	0.149158763
52.791946	0.179325704
52.83382	0.106063134
52.875796	0.211168586
52.917792	0.095289226
52.959683	0.141018478
53.00168	0.080924016
53.043683	0.185790049
53.085676	0.161129772
53.12765	0.118273562
53.16968	0.148440503
53.211789	0.12976573
53.253843	0.135511814
53.295546	0.04261679
53.337367	0.098641108
53.379313	0.051714756
53.42171	0.011252748
53.463628	0.045489832
53.507694	-0.054827218
53.550267	-0.053630117
53.592204	0.041419689
53.634081	-0.018914193
53.676116	-0.000957681
53.718097	-0.036870706
53.760141	-0.045968672
53.802271	-0.087867201
53.844404	-0.141497318
53.886585	-0.20111294
53.928308	-0.337821854
53.970297	-0.392409652
54.012283	-0.489135399
54.054192	-0.531273348
54.096193	-0.684981095
54.13824	-0.767341632
54.180394	-0.853293472
54.222203	-0.810676682
54.264171	-0.913866774
54.305989	-0.991438908
54.348036	-1.13868231
54.390307	-0.950019219
54.432415	-1.090319436
54.474315	-0.90859953
54.516109	-0.910993732
54.560397	-0.886572875
54.603025	-0.862391438
54.644886	-0.797987413
54.686908	-0.785298145
54.728756	-0.710838473
54.775212	-0.802536397
54.819137	-0.729513246
54.883542	-0.683544574
54.92428	-0.522893643
54.96473	-0.602859978
55.016314	-0.40438066
55.066605	-0.367031115
55.107203	-0.460165559
55.147685	-0.369664736
55.188142	-0.323696065
55.228727	-0.373974299
55.269273	-0.347159241
55.309746	-0.328245048
55.350455	-0.209492645
55.391036	-0.31723172
55.43338	-0.258573779
55.475598	-0.243250889
55.517974	-0.181001646
55.568233	-0.240377847
55.612339	-0.181480486
55.654779	-0.098162268
55.695155	-0.065840546
55.735812	-0.054348378
55.778996	-0.087627781
55.821512	-0.062728084
55.8651	-0.074220251
55.909308	0.002873042
55.952245	0.04309563
55.994831	-0.028491
56.035212	-0.056263739
56.075643	-0.010534487
56.124359	0.065122285
56.17141	-0.077811554
56.214156	-0.11587936
56.255053	-0.063446344
56.296591	0.030166941
56.339571	0.090261403
56.382377	0.146764562
56.424725	0.284431157
56.465089	0.371340678
56.505651	0.367509955
56.546673	0.553778844
56.587087	0.561200869
56.630814	0.645237347
56.671438	0.558088407
56.71206	0.596874474
56.902012	0.552581743
56.982531	0.506134231
57.023612	0.505415971
57.065835	0.510922634
57.10841	0.454898315
57.152497	0.386184728
57.200086	0.421618912
57.247688	0.289698401
57.295456	0.386663568
57.342058	0.213802208
57.389356	0.371101257
57.437051	0.217632931
57.486984	0.1733402
57.534991	0.166636436
57.582887	0.167115276
57.630459	0.132878192
57.678086	0.280361014
57.725362	0.130723411
57.773283	0.194888015
57.827694	0.149158763
57.878565	0.08619126
57.925912	0.106302554
57.974759	0.104866033
58.021051	0.083318218
58.064067	0.015322891
58.110551	0.101753571
58.154316	0.048602294
58.198969	0.038786067
58.246657	0.05746084
58.296938	0.001915361
58.347593	0.038067806
58.40133	-0.056263739
58.450037	-0.024420857
58.495241	0.016280571
58.539932	0.044532151
58.584706	-0.052672437
58.630857	-0.015562311
58.679163	0.016280571
58.72349	-0.076614453
58.766533	-0.18770541
58.809401	-0.254982477
58.852141	-0.325372006
58.894607	-0.493684382
58.937174	-0.653856473
58.980531	-0.662475599
59.024698	-0.743878456
59.075395	-0.694079061
59.118892	-0.767102212
59.166306	-0.724964263
59.208602	-0.853532892
59.251308	-0.746751498
59.293871	-0.816422766
59.336413	-0.820014069
59.37879	-0.686417616
59.421295	-0.853054052
59.467929	-0.716105717
59.516021	-0.731189187
59.558209	-0.67803791
59.60221	-0.655053574
59.647166	-0.588255348
59.697042	-0.558806668
59.740858	-0.565271012
59.78459	-0.57748144
59.827524	-0.549469281
59.870399	-0.471418307
59.912986	-0.482431635
59.955937	-0.481713374
59.998526	-0.411802686
60.041197	-0.423294854
60.084824	-0.416351669
60.129229	-0.38929719
60.180524	-0.40342298
60.228822	-0.371580098
60.272977	-0.393846173
60.320149	-0.339497795
60.363324	-0.370382997
60.407361	-0.333991132
60.4555	-0.354102426
60.499385	-0.294486804
60.550803	-0.319147081
60.59752	-0.217154091
60.641638	-0.252109435
60.684747	-0.252827695
60.727342	-0.214041628
60.770703	-0.151074125
60.81481	-0.138384856
60.857506	-0.131920512
60.900731	-0.094331545
60.943467	-0.136230075
60.991007	-0.120428344
61.033751	-0.08595184
61.076417	-0.127850369
61.183245	-0.054348378
61.368416	0.335188232
61.412863	0.469502946
61.461419	0.531991609
61.50718	0.646913289
61.551019	0.543962617
61.597115	0.543244357
61.640282	0.627999096
61.685785	0.540131895
61.728127	0.674686028
61.77233	0.66271502
61.820667	0.726640204
61.86422	0.671573566
61.908136	0.569580575
61.952399	0.681150372
61.996549	0.552821163
62.039733	0.540131895
62.082488	0.532709869
62.125205	0.453701215
62.168384	0.522414802
62.213573	0.46088382
62.256621	0.335667073
62.303288	0.457053097
62.348041	0.477643231
62.39046	0.464953962
62.432971	0.503021769
62.492495	0.477643231
62.533981	0.366791694
62.576688	0.358411989
62.619031	0.255700737
62.976932	0.177889183
63.065827	0.155862528
63.114529	0.095768066
63.156953	0.034715924
63.199147	0.100077629
63.241414	-0.007661445
63.283292	-0.010055647
63.326493	-0.053630117
63.369798	-0.07158663
63.41492	-0.013168109
63.457633	0.022026655
63.505207	-0.145567461
63.546871	-0.185790049
63.588825	-0.095049806
63.632367	-0.176213242
63.67642	-0.263841023
63.721219	-0.464714542
63.764352	-0.437420643
63.812381	-0.613633886
63.856294	-0.465193383
63.89845	-0.740526574
63.940603	-0.877953749
63.983944	-1.033098016
64.029987	-0.885375774
64.072441	-0.993354269
64.117246	-0.971567034
64.159145	-1.014902084
64.201996	-1.008677159
64.244757	-0.919612858
64.287453	-0.780749161
64.330308	-0.877235488
64.37282	-0.709641372
64.4154	-0.615070407
64.457305	-0.819056388
64.499308	-0.816183346
64.54137	-0.658884297
64.583484	-0.617943449
64.625325	-0.599986936
64.667309	-0.535104071
64.709532	-0.441251366
64.752402	-0.428801517
64.799592	-0.49057192
64.841716	-0.441969627
64.887255	-0.420421812